// Start Time: Unknown
// Update Rate: 40.0Hz
// Filter Profile: human (46.1)
// Firmware Version: 4.3.4
PacketCounter	SampleTimeFine	Acc_X	Acc_Y	Acc_Z	Gyr_X	Gyr_Y	Gyr_Z	OriInc_q0	OriInc_q1	OriInc_q2	OriInc_q3	Mat[1][1]	Mat[2][1]	Mat[3][1]	Mat[1][2]	Mat[2][2]	Mat[3][2]	Mat[1][3]	Mat[2][3]	Mat[3][3]
10839		9.012399	-1.931064	6.328686	0.132333	0.010048	0.013731	0.999999	0.001654	0.000126	0.000172	0.210151	0.553092	0.806180	-0.809724	0.560571	-0.173514	-0.547890	-0.616319	0.565657
10840		9.145087	-2.101354	6.117565	0.291588	0.017938	0.019965	0.999993	0.003645	0.000224	0.000250	0.209990	0.553648	0.805840	-0.813801	0.555788	-0.169787	-0.541878	-0.620140	0.567269
10841		9.606738	-1.949808	6.020672	0.407021	-0.009832	0.080670	0.999987	0.005088	-0.000123	0.001008	0.208218	0.554696	0.805579	-0.819683	0.548328	-0.165698	-0.533633	-0.625819	0.568847
10842		9.674612	-1.517613	6.023646	0.326539	-0.075265	0.132818	0.999990	0.004082	-0.000941	0.001660	0.204467	0.555321	0.806109	-0.824689	0.541360	-0.163758	-0.527334	-0.631306	0.568658
10843		9.385255	-1.371889	5.936523	0.207881	-0.190811	0.109184	0.999993	0.002599	-0.002385	0.001365	0.199692	0.553799	0.808350	-0.827948	0.536573	-0.163072	-0.524047	-0.636707	0.565666
10844		9.203180	-1.492274	5.991598	0.175544	-0.287199	0.048805	0.999991	0.002194	-0.003590	0.000610	0.194920	0.549669	0.812324	-0.830473	0.533141	-0.161481	-0.521844	-0.643137	0.560405
10845		9.212099	-1.638173	6.222423	0.167294	-0.325521	0.012159	0.999990	0.002091	-0.004069	0.000152	0.190449	0.544359	0.816947	-0.832694	0.530337	-0.159261	-0.519953	-0.649936	0.554286
10846		9.101141	-1.762419	6.308154	0.178116	-0.295806	0.016933	0.999991	0.002226	-0.003698	0.000212	0.186280	0.539367	0.821208	-0.835087	0.527273	-0.156884	-0.517619	-0.656556	0.548639
10847		8.992346	-1.903798	6.199366	0.308168	-0.224279	0.016822	0.999989	0.003852	-0.002803	0.000210	0.183147	0.535750	0.824275	-0.839129	0.522017	-0.152845	-0.512172	-0.663680	0.545169
10848		9.006690	-1.917391	5.957808	0.551413	-0.146938	-0.004453	0.999975	0.006893	-0.001837	-0.000056	0.181381	0.533121	0.826367	-0.846076	0.512909	-0.145190	-0.501255	-0.672834	0.544093
10849		9.019360	-1.591220	5.866742	0.701997	-0.111940	-0.038501	0.999960	0.008775	-0.001399	-0.000481	0.180823	0.530662	0.828070	-0.854562	0.501548	-0.134805	-0.486853	-0.683262	0.544175
10850		8.963437	-1.340611	5.946230	0.645704	-0.161839	-0.073168	0.999965	0.008071	-0.002023	-0.000915	0.180353	0.526931	0.830552	-0.861953	0.491436	-0.124612	-0.473825	-0.693423	0.542821
10851		9.164072	-1.473688	5.996252	0.560631	-0.256507	-0.099646	0.999970	0.007008	-0.003206	-0.001246	0.179431	0.521141	0.834396	-0.868052	0.482974	-0.114985	-0.462915	-0.703667	0.539038
10852		9.393800	-1.700931	6.044202	0.600659	-0.297328	-0.130529	0.999964	0.007508	-0.003717	-0.001632	0.178828	0.514355	0.838725	-0.874305	0.474040	-0.104295	-0.451234	-0.714651	0.534474
10853		9.574236	-1.666502	6.198848	0.676107	-0.297107	-0.159666	0.999955	0.008451	-0.003714	-0.001996	0.178761	0.507229	0.843068	-0.881061	0.463912	-0.092294	-0.437923	-0.726295	0.529828
10854		9.867052	-1.637912	6.203173	0.772527	-0.271469	-0.183756	0.999945	0.009656	-0.003393	-0.002297	0.179486	0.500401	0.846985	-0.888487	0.452084	-0.078812	-0.422346	-0.738389	0.525743
10855		9.940047	-1.586593	6.027804	0.912167	-0.242481	-0.226898	0.999926	0.011402	-0.003031	-0.002836	0.181559	0.493572	0.850543	-0.896863	0.437851	-0.062639	-0.403328	-0.751447	0.522162
10856		9.533023	-1.249595	6.036639	0.973908	-0.261970	-0.277603	0.999915	0.012174	-0.003275	-0.003470	0.184673	0.485834	0.854319	-0.905169	0.422694	-0.044712	-0.382839	-0.765046	0.517822
10857		8.859347	-1.057848	5.923324	0.923721	-0.323306	-0.310626	0.999918	0.011546	-0.004041	-0.003883	0.187894	0.476631	0.858789	-0.912403	0.408399	-0.027038	-0.363616	-0.778481	0.511615
10858		8.759409	-1.406158	5.517838	0.964994	-0.337019	-0.300700	0.999911	0.012062	-0.004213	-0.003759	0.190989	0.467599	0.863061	-0.919522	0.392926	-0.009401	-0.343515	-0.791808	0.505012
10859		9.915242	-1.515220	5.316424	1.118002	-0.281545	-0.178827	0.999894	0.013975	-0.003519	-0.002235	0.191547	0.461097	0.866429	-0.927977	0.372575	0.006877	-0.319639	-0.805343	0.499253
10860		11.126421	-1.153564	4.969749	1.124530	-0.177954	0.071432	0.999898	0.014056	-0.002224	0.000893	0.187148	0.458888	0.868560	-0.936994	0.348903	0.017556	-0.294987	-0.817122	0.495272
10861		11.447332	-0.661471	4.373748	1.053859	-0.056972	0.288313	0.999906	0.013173	-0.000712	0.003604	0.178349	0.460540	0.869537	-0.945846	0.323836	0.022484	-0.271233	-0.826458	0.493356
10862		10.864690	-0.133320	3.744109	0.969535	0.006210	0.360962	0.999916	0.012119	0.000078	0.004512	0.167604	0.463446	0.870130	-0.953927	0.299039	0.024472	-0.248862	-0.834142	0.492214
10863		10.397411	0.015272	3.273268	0.852049	-0.000566	0.310599	0.999936	0.010650	-0.000007	0.003882	0.157969	0.465220	0.870986	-0.960400	0.277407	0.026014	-0.229516	-0.840604	0.490619
10864		10.150999	0.090740	2.992702	0.684141	-0.066034	0.266796	0.999958	0.008552	-0.000825	0.003335	0.149716	0.464616	0.872764	-0.965186	0.260160	0.027074	-0.214479	-0.846433	0.487391
10865		9.748454	0.689274	3.209927	0.326134	-0.193466	0.299350	0.999982	0.004077	-0.002418	0.003742	0.139527	0.461025	0.876349	-0.968083	0.249590	0.022829	-0.208203	-0.851564	0.481135
10866		8.756677	1.227213	3.458157	-0.260503	-0.314677	0.276903	0.999981	-0.003256	-0.003933	0.003461	0.129344	0.454370	0.881373	-0.967681	0.251883	0.012157	-0.216479	-0.854461	0.472264
10867		8.597656	0.816227	3.726870	-0.730606	-0.401537	0.150288	0.999944	-0.009132	-0.005019	0.001879	0.122159	0.444974	0.887173	-0.963906	0.266242	-0.000813	-0.236565	-0.855052	0.461437
10868		9.508761	-0.183727	3.873821	-0.778619	-0.366309	0.062690	0.999942	-0.009733	-0.004579	0.000784	0.117471	0.435795	0.892347	-0.959101	0.282816	-0.011860	-0.257538	-0.854458	0.451194
10869		10.710761	-1.020450	3.625492	-0.366716	-0.135605	0.080990	0.999988	-0.004584	-0.001695	0.001012	0.114027	0.431775	0.894745	-0.956614	0.290776	-0.018408	-0.268118	-0.853827	0.446198
10870		10.773904	-1.046713	3.269116	0.246377	0.120323	0.089346	0.999994	0.003080	0.001504	0.001117	0.112181	0.433340	0.894221	-0.958194	0.285543	-0.018168	-0.263212	-0.854799	0.447256
10871		10.243508	-0.395114	3.122599	0.633021	0.168318	0.035226	0.999966	0.007913	0.002104	0.000440	0.111487	0.435278	0.893367	-0.961937	0.272964	-0.012954	-0.249496	-0.857918	0.449142
10872		10.059976	0.016238	3.259963	0.607219	0.057236	-0.077552	0.999970	0.007590	0.000715	-0.000969	0.112571	0.434052	0.893827	-0.965261	0.261234	-0.005290	-0.235795	-0.862181	0.448381
10873		9.991678	0.115274	3.532111	0.337059	-0.068706	-0.176412	0.999988	0.004213	-0.000859	-0.002205	0.115399	0.429306	0.895756	-0.966504	0.256646	0.001511	-0.229243	-0.865927	0.444543
10874		9.724447	0.044511	3.845966	-0.020247	-0.160106	-0.221458	0.999994	-0.000253	-0.002001	-0.002768	0.119333	0.422591	0.898430	-0.965525	0.260245	0.005835	-0.231346	-0.868153	0.439078
10875		9.560265	-0.551735	3.971349	-0.218214	-0.202670	-0.290714	0.999986	-0.002728	-0.002533	-0.003634	0.124360	0.414146	0.901675	-0.962998	0.269354	0.009102	-0.239101	-0.869443	0.432319
10876		9.580964	-1.268168	4.075597	-0.090891	-0.181330	-0.341162	0.999988	-0.001136	-0.002267	-0.004265	0.130752	0.405952	0.904492	-0.961015	0.276087	0.015011	-0.243625	-0.871194	0.426226
10877		9.664006	-1.411052	4.236679	0.206606	-0.121815	-0.258708	0.999990	0.002583	-0.001523	-0.003234	0.135354	0.399944	0.906490	-0.961212	0.274913	0.022233	-0.240314	-0.874338	0.421642
10878		9.970274	-1.324736	4.110877	0.469001	-0.019055	-0.137287	0.999981	0.005862	-0.000238	-0.001716	0.137409	0.397121	0.907421	-0.963411	0.266422	0.029292	-0.230124	-0.878245	0.419200
10879		10.367287	-1.199372	3.873544	0.672123	0.133861	-0.098196	0.999963	0.008401	0.001673	-0.001227	0.139351	0.398275	0.906619	-0.966821	0.252672	0.037606	-0.214100	-0.881779	0.420270
10880		9.824406	-0.703034	3.917225	0.723049	0.154912	-0.104906	0.999956	0.009038	0.001936	-0.001311	0.141997	0.399976	0.905459	-0.969834	0.239313	0.046380	-0.198137	-0.884731	0.421892
10881		8.989251	-0.350498	4.027196	0.525490	0.012323	-0.147719	0.999977	0.006569	0.000154	-0.001846	0.144553	0.398124	0.905871	-0.971548	0.230686	0.053648	-0.187613	-0.887852	0.420143
10882		9.317793	-0.915770	3.933714	0.339352	-0.087011	-0.186858	0.999988	0.004242	-0.001088	-0.002336	0.147806	0.393885	0.907198	-0.972031	0.227123	0.059758	-0.182507	-0.890657	0.416438
10883		10.416901	-1.361678	4.038115	0.290820	-0.046312	-0.113393	0.999992	0.003635	-0.000579	-0.001417	0.149365	0.391295	0.908063	-0.972760	0.222807	0.063996	-0.177281	-0.892886	0.413916
10884		10.611231	-0.943105	4.297192	0.158219	-0.015704	0.062684	0.999998	0.001978	-0.000196	0.000784	0.146435	0.390179	0.909020	-0.973503	0.219996	0.062393	-0.175636	-0.894070	0.412056
10885		9.889227	-0.687815	4.305168	-0.010711	-0.086258	0.147729	0.999998	-0.000134	-0.001078	0.001847	0.141135	0.388218	0.910696	-0.973842	0.219916	0.057174	-0.178080	-0.894944	0.409100
10886		9.703590	-0.929903	4.186583	0.089074	-0.166577	0.118357	0.999996	0.001113	-0.002082	0.001479	0.136283	0.384441	0.913034	-0.974512	0.217801	0.053753	-0.178196	-0.897088	0.404325
10887		9.780182	-0.817165	4.277812	0.314752	-0.175597	0.113010	0.999989	0.003934	-0.002195	0.001413	0.131623	0.380500	0.915366	-0.976058	0.211048	0.052622	-0.173164	-0.900377	0.399169
10888		9.867197	-0.316718	4.504356	0.254368	-0.115653	0.153347	0.999992	0.003180	-0.001446	0.001917	0.126030	0.378201	0.917104	-0.977608	0.204395	0.050054	-0.168521	-0.902877	0.395492
10889		9.735118	-0.277216	4.565942	-0.016927	-0.049731	0.180440	0.999997	-0.000212	-0.000622	0.002256	0.119890	0.377390	0.918261	-0.977951	0.204196	0.043762	-0.170990	-0.903261	0.393550
10890		9.642835	-0.573343	4.600972	-0.191342	-0.076473	0.213035	0.999993	-0.002392	-0.000956	0.002663	0.113205	0.376409	0.919511	-0.977622	0.207358	0.035475	-0.177315	-0.902950	0.391460
10891		9.873385	-0.763898	4.593233	-0.176756	-0.114634	0.261332	0.999991	-0.002209	-0.001433	0.003267	0.105189	0.374872	0.921090	-0.977329	0.210110	0.026099	-0.183747	-0.902953	0.388474
10892		10.015037	-0.701458	4.487489	-0.074670	-0.085024	0.279486	0.999993	-0.000933	-0.001063	0.003494	0.096740	0.374178	0.922297	-0.977543	0.210023	0.017328	-0.187220	-0.903261	0.386093
10893		9.920785	-0.468294	4.467121	0.020760	-0.051266	0.274233	0.999994	0.000259	-0.000641	0.003428	0.088546	0.374274	0.923081	-0.978149	0.207683	0.009621	-0.188107	-0.903763	0.384485
10894		9.963870	-0.219195	4.507164	-0.006364	-0.060072	0.254190	0.999995	-0.000080	-0.000751	0.003177	0.080876	0.374096	0.923857	-0.978537	0.206061	0.002223	-0.189539	-0.904207	0.382732
10895		9.967807	-0.151373	4.592983	-0.095577	-0.089979	0.214776	0.999995	-0.001195	-0.001125	0.002685	0.074120	0.373084	0.924832	-0.978351	0.206890	-0.005051	-0.193223	-0.904436	0.380341
10896		9.945316	-0.319589	4.536119	-0.117164	-0.084716	0.168244	0.999996	-0.001465	-0.001059	0.002103	0.069021	0.372104	0.925621	-0.977711	0.209645	-0.011373	-0.198284	-0.904206	0.378280
10897		9.979522	-0.457056	4.528805	-0.037787	-0.052410	0.114072	0.999999	-0.000472	-0.000655	0.001426	0.064991	0.371489	0.926160	-0.977510	0.210301	-0.015759	-0.200626	-0.904306	0.376802
10898		10.025532	-0.473607	4.596332	0.053496	-0.019581	0.072344	0.999999	0.000669	-0.000245	0.000904	0.062433	0.371468	0.926344	-0.977696	0.209249	-0.018016	-0.200529	-0.904559	0.376247
10899		9.926875	-0.453173	4.569655	0.081168	-0.002546	0.036063	0.999999	0.001015	-0.000032	0.000451	0.061228	0.371754	0.926310	-0.977851	0.208438	-0.019017	-0.200147	-0.904628	0.376283
10900		9.738386	-0.535555	4.456084	0.111767	0.008817	-0.004025	0.999999	0.001397	0.000110	-0.000050	0.060575	0.371900	0.926294	-0.978403	0.205860	-0.018668	-0.197630	-0.905159	0.376338
10901		9.535989	-0.588438	4.522731	0.124131	-0.024125	-0.035966	0.999999	0.001552	-0.000302	-0.000450	0.060793	0.371224	0.926551	-0.978836	0.203900	-0.017469	-0.195409	-0.905879	0.375763
10902		9.664799	-0.695809	4.534371	0.117164	-0.051719	-0.061586	0.999998	0.001465	-0.000646	-0.000770	0.061352	0.369813	0.927078	-0.979204	0.202255	-0.015878	-0.193378	-0.906825	0.374531
10903		9.948007	-0.847105	4.577605	0.084718	-0.016158	-0.064290	0.999999	0.001059	-0.000202	-0.000804	0.062175	0.369164	0.927282	-0.979460	0.201124	-0.014396	-0.191813	-0.907341	0.374086
10904		9.995182	-1.002929	4.512064	0.089754	0.021875	-0.063239	0.999999	0.001122	0.000273	-0.000790	0.063294	0.369441	0.927096	-0.979708	0.200019	-0.012820	-0.190173	-0.907472	0.374605
10905		9.773298	-1.152686	4.334131	0.165081	0.008282	-0.064362	0.999998	0.002064	0.000104	-0.000805	0.064199	0.369378	0.927059	-0.980344	0.197010	-0.010608	-0.186559	-0.908156	0.374766
10906		9.504057	-1.105476	4.286577	0.288152	-0.051523	-0.061084	0.999993	0.003602	-0.000644	-0.000764	0.064843	0.367970	0.927574	-0.981541	0.191118	-0.007201	-0.179926	-0.909985	0.373570
10907		9.569672	-0.740774	4.479096	0.275119	-0.089355	-0.050747	0.999993	0.003439	-0.001117	-0.000634	0.064898	0.365845	0.928410	-0.982607	0.185645	-0.004467	-0.173989	-0.911972	0.371530
10908		9.677201	-0.855559	4.530059	0.126483	-0.091118	-0.040853	0.999998	0.001581	-0.001139	-0.000511	0.064701	0.363757	0.929244	-0.983021	0.183463	-0.003372	-0.171708	-0.913248	0.369451
10909		9.721233	-1.271546	4.285803	0.239948	-0.115989	-0.024681	0.999994	0.002999	-0.001450	-0.000309	0.064069	0.361224	0.930275	-0.983921	0.178596	-0.001585	-0.166716	-0.915216	0.366858
10910		9.752780	-0.885047	4.348456	0.429148	-0.124958	-0.011339	0.999984	0.005364	-0.001562	-0.000142	0.063311	0.358743	0.931287	-0.985479	0.169788	0.001591	-0.157551	-0.917864	0.364284
10911		9.936208	-0.338674	4.573433	0.359280	-0.105215	-0.024283	0.999989	0.004491	-0.001315	-0.000304	0.062562	0.356307	0.932272	-0.986878	0.161402	0.004540	-0.148853	-0.920323	0.361730
10912		9.992668	-0.124728	4.639231	0.060333	-0.065433	-0.042838	0.999999	0.000754	-0.000818	-0.000535	0.062577	0.354842	0.932830	-0.987045	0.160360	0.005214	-0.147738	-0.921071	0.360280
10913		9.985167	-0.422169	4.406121	-0.134957	-0.016844	-0.066905	0.999998	-0.001687	-0.000211	-0.000836	0.063189	0.354339	0.932980	-0.986478	0.163830	0.004591	-0.151223	-0.920654	0.359899
10914		9.906529	-0.763205	4.216538	-0.041243	0.008170	-0.113390	0.999999	-0.000516	0.000102	-0.001417	0.065400	0.354426	0.932794	-0.986072	0.166209	0.005983	-0.152918	-0.920194	0.360360
10915		9.716203	-0.644716	4.168341	0.133496	0.013744	-0.149863	0.999997	0.001669	0.000172	-0.001873	0.068482	0.354330	0.932610	-0.986325	0.164513	0.009922	-0.149911	-0.920536	0.360750
10916		9.691240	-0.412967	4.253923	0.157359	0.024925	-0.174133	0.999996	0.001967	0.000312	-0.002177	0.072432	0.354257	0.932339	-0.986599	0.162481	0.014910	-0.146206	-0.920925	0.361278
10917		9.868761	-0.414889	4.335605	0.049403	0.066877	-0.181432	0.999997	0.000618	0.000836	-0.002268	0.076601	0.355359	0.931586	-0.986425	0.163124	0.018885	-0.145252	-0.920386	0.363031
10918		9.681725	-0.587922	4.197066	-0.005329	0.092040	-0.171763	0.999997	-0.000067	0.001150	-0.002147	0.080515	0.356979	0.930636	-0.986091	0.164728	0.022125	-0.145404	-0.919473	0.365277
10919		9.459969	-0.635906	4.011851	0.083190	0.073093	-0.157642	0.999997	0.001040	0.000914	-0.001971	0.084122	0.358339	0.929794	-0.986046	0.164454	0.025831	-0.143652	-0.918993	0.367173
10920		9.450672	-0.457441	4.047333	0.111845	0.047516	-0.152825	0.999997	0.001398	0.000594	-0.001910	0.087448	0.359146	0.929175	-0.986108	0.163443	0.029632	-0.141225	-0.918858	0.368449
10921		9.832467	-0.455146	4.222995	0.005993	0.017731	-0.138446	0.999998	0.000075	0.000222	-0.001731	0.090451	0.359298	0.928829	-0.985811	0.164728	0.032278	-0.141406	-0.918569	0.369100
10922		10.110152	-0.676442	4.136066	-0.097899	0.023958	-0.083517	0.999999	-0.001224	0.000299	-0.001044	0.091763	0.359877	0.928476	-0.985315	0.167643	0.032402	-0.143992	-0.917815	0.369976
10923		10.004801	-0.758961	4.002167	-0.047486	0.037087	-0.026335	1.000000	-0.000594	0.000464	-0.000329	0.091589	0.360782	0.928142	-0.985182	0.168556	0.031698	-0.145008	-0.917292	0.370874
10924		9.816504	-0.408407	4.071188	0.010542	0.027453	-0.003968	1.000000	0.000132	0.000343	-0.000050	0.090770	0.361689	0.927870	-0.985312	0.167939	0.030925	-0.144640	-0.917048	0.371620
10925		9.711085	-0.188885	4.180617	-0.053481	0.018475	-0.018131	1.000000	-0.000669	0.000231	-0.000227	0.090566	0.362129	0.927718	-0.985143	0.169062	0.030180	-0.145912	-0.916668	0.372060
10926		9.828432	-0.536931	4.079692	-0.063741	0.014354	-0.033097	1.000000	-0.000797	0.000179	-0.000414	0.090936	0.362528	0.927526	-0.984835	0.170927	0.029747	-0.147755	-0.916164	0.372574
10927		9.985017	-0.555868	4.084004	-0.015754	0.018004	-0.014409	1.000000	-0.000197	0.000225	-0.000180	0.090605	0.363030	0.927362	-0.984801	0.171215	0.029192	-0.148180	-0.915912	0.373026
10928		9.791914	-0.268628	4.144761	-0.113293	0.020616	0.024869	0.999999	-0.001416	0.000258	0.000311	0.089491	0.363839	0.927153	-0.984454	0.173568	0.026910	-0.151133	-0.915148	0.373715
10929		9.550971	-0.235436	4.153168	-0.262332	0.011186	0.038821	0.999994	-0.003279	0.000140	0.000485	0.087743	0.364358	0.927116	-0.983619	0.178809	0.022818	-0.157463	-0.913931	0.374079
10930		9.642725	-0.384823	4.182027	-0.295493	-0.001347	0.032951	0.999993	-0.003694	-0.000017	0.000412	0.086183	0.364674	0.927138	-0.982565	0.184989	0.018573	-0.164737	-0.912574	0.374259
10931		9.875536	-0.526808	4.218391	-0.222767	0.001707	0.028517	0.999996	-0.002785	0.000021	0.000356	0.084823	0.365060	0.927112	-0.981732	0.189666	0.015138	-0.170315	-0.911459	0.374480
10932		9.913792	-0.584766	4.129806	-0.097951	0.030718	0.015947	0.999999	-0.001224	0.000384	0.000199	0.083896	0.366042	0.926809	-0.981380	0.191626	0.013154	-0.172786	-0.910655	0.375303
10933		9.742926	-0.548574	3.993676	0.004061	0.064727	-0.013204	1.000000	0.000051	0.000809	-0.000165	0.083786	0.367634	0.926188	-0.981432	0.191382	0.012817	-0.172544	-0.910065	0.376843
10934		9.651744	-0.329710	4.080770	-0.014774	0.048959	-0.017682	1.000000	-0.000185	0.000612	-0.000221	0.083912	0.368787	0.925719	-0.981355	0.191794	0.012548	-0.172919	-0.909511	0.378005
10935		9.750064	-0.359316	4.184348	-0.152383	0.008887	-0.013732	0.999998	-0.001905	0.000111	-0.000172	0.083529	0.369090	0.925633	-0.980731	0.195068	0.010719	-0.176605	-0.908692	0.378272
10936		9.959807	-0.506369	4.177356	-0.192786	0.001513	-0.009750	0.999997	-0.002410	0.000019	-0.000122	0.083064	0.369302	0.925590	-0.979910	0.199260	0.008436	-0.181318	-0.907696	0.378434
10937		10.222291	-0.484038	4.285913	-0.179571	0.023521	-0.018004	0.999997	-0.002245	0.000294	-0.000225	0.082658	0.369753	0.925446	-0.979167	0.202956	0.006367	-0.185471	-0.906693	0.378825
10938		10.189141	-0.604767	4.247115	-0.090277	0.030244	-0.053995	0.999999	-0.001128	0.000378	-0.000675	0.083560	0.370160	0.925202	-0.978674	0.205324	0.006242	-0.187656	-0.905993	0.379422
10939		9.879880	-0.618183	4.150071	0.114291	0.021244	-0.121647	0.999998	0.001429	0.000266	-0.001521	0.085894	0.370076	0.925022	-0.979028	0.203505	0.009492	-0.184734	-0.906438	0.379795
10940		9.593449	-0.688762	4.133663	0.300678	0.002276	-0.228833	0.999989	0.003758	0.000028	-0.002860	0.091007	0.369074	0.924934	-0.979908	0.198713	0.017124	-0.177476	-0.907908	0.379743
10941		9.668446	-0.829839	4.227650	0.378457	-0.009898	-0.271250	0.999983	0.004731	-0.000124	-0.003391	0.097159	0.367515	0.924929	-0.980945	0.192458	0.026572	-0.168245	-0.909886	0.379211
10942		9.637108	-0.932153	4.226064	0.336028	0.017975	-0.236325	0.999987	0.004200	0.000225	-0.002954	0.102509	0.366839	0.924619	-0.981779	0.186824	0.034724	-0.160003	-0.911332	0.379306
10943		9.536111	-1.072754	4.071614	0.303599	0.033178	-0.154513	0.999991	0.003795	0.000415	-0.001931	0.105906	0.366995	0.924175	-0.982610	0.181174	0.040658	-0.152515	-0.912409	0.379800
10944		9.740768	-0.974439	3.923335	0.304872	0.032115	-0.064112	0.999992	0.003811	0.000401	-0.000801	0.106975	0.367645	0.923793	-0.983640	0.174581	0.044427	-0.144943	-0.913433	0.380306
10945		9.944342	-0.730427	3.920810	0.238983	0.025466	0.006385	0.999995	0.002987	0.000318	0.000080	0.106042	0.368449	0.923580	-0.984626	0.168563	0.045805	-0.138805	-0.914238	0.380659
10946		9.906669	-0.408518	3.861027	0.118937	0.019660	0.059056	0.999999	0.001487	0.000246	0.000738	0.103782	0.369215	0.923531	-0.985293	0.164897	0.044799	-0.135747	-0.914598	0.380899
10947		9.675084	-0.219330	3.862852	-0.005734	-0.024605	0.066926	1.000000	-0.000072	-0.000308	0.000837	0.101169	0.369162	0.923842	-0.985573	0.163836	0.042461	-0.135684	-0.914810	0.380411
10948		9.692926	-0.173968	3.995643	-0.091845	-0.105433	0.032023	0.999998	-0.001148	-0.001318	0.000400	0.099219	0.366909	0.924950	-0.985462	0.165063	0.040233	-0.137913	-0.915496	0.377952
10949		9.896674	-0.195252	4.073334	-0.138260	-0.117437	-0.004435	0.999997	-0.001728	-0.001468	-0.000055	0.098154	0.364305	0.926093	-0.985084	0.167728	0.038426	-0.141333	-0.916051	0.375334
10950		9.896673	-0.252715	4.112432	-0.183122	-0.066720	-0.014540	0.999997	-0.002289	-0.000834	-0.000182	0.097533	0.362573	0.926838	-0.984502	0.171531	0.036499	-0.145748	-0.916034	0.373684
10951		9.861101	-0.211477	4.134871	-0.230869	-0.053414	0.009109	0.999996	-0.002886	-0.000668	0.000114	0.096310	0.361500	0.927385	-0.983789	0.176173	0.033495	-0.151271	-0.915577	0.372607
10952		9.955724	-0.163444	4.203154	-0.288727	-0.075301	0.054198	0.999993	-0.003609	-0.000941	0.000677	0.093833	0.360017	0.928215	-0.982929	0.181702	0.028889	-0.158258	-0.915080	0.370921
10953		9.958919	-0.082367	4.187772	-0.292408	-0.087788	0.088543	0.999992	-0.003655	-0.001097	0.001107	0.090752	0.358454	0.929126	-0.982031	0.187226	0.023688	-0.165466	-0.914580	0.369005
10954		9.757566	0.087094	4.208597	-0.267680	-0.096555	0.082442	0.999993	-0.003346	-0.001207	0.001031	0.087538	0.356688	0.930113	-0.981202	0.192079	0.018686	-0.171990	-0.914265	0.366797
10955		9.762922	0.100009	4.225194	-0.254782	-0.094865	0.049368	0.999994	-0.003185	-0.001186	0.000617	0.085203	0.354837	0.931038	-0.980302	0.196958	0.014646	-0.178178	-0.913946	0.364629
10956		9.883119	0.011259	4.219677	-0.216732	-0.063448	0.013901	0.999996	-0.002709	-0.000793	0.000174	0.083910	0.353692	0.931590	-0.979455	0.201318	0.011789	-0.183376	-0.913440	0.363318
10957		9.904804	-0.057271	4.175759	-0.165129	-0.034169	-0.005085	0.999998	-0.002064	-0.000427	-0.000064	0.083248	0.352994	0.931915	-0.978775	0.204701	0.009896	-0.187270	-0.912958	0.362542
10958		9.981464	-0.090961	4.109344	-0.116299	-0.017945	-0.022722	0.999999	-0.001454	-0.000224	-0.000284	0.083013	0.352673	0.932057	-0.978286	0.207074	0.008777	-0.189910	-0.912547	0.362205
10959		9.986263	-0.066637	4.039834	-0.075437	-0.007826	-0.042487	0.999999	-0.000943	-0.000098	-0.000531	0.083260	0.352299	0.932176	-0.977958	0.208630	0.008501	-0.191485	-0.912337	0.361904
10960		9.888159	-0.099794	4.035947	-0.069511	-0.020085	-0.063282	0.999999	-0.000869	-0.000251	-0.000791	0.083963	0.351604	0.932376	-0.977621	0.210193	0.008773	-0.192894	-0.912246	0.361384
10961		9.899913	-0.219712	4.003331	-0.061469	-0.024812	-0.075502	0.999999	-0.000768	-0.000310	-0.000944	0.085044	0.350724	0.932609	-0.977274	0.211766	0.009479	-0.194171	-0.912221	0.360763
10962		9.805504	-0.297675	4.071507	-0.050617	-0.030094	-0.091359	0.999999	-0.000633	-0.000376	-0.001142	0.086611	0.349657	0.932866	-0.976927	0.213305	0.010750	-0.195226	-0.912272	0.360064
10963		9.854788	-0.535047	3.993266	-0.005825	-0.027306	-0.102280	0.999999	-0.000073	-0.000341	-0.001279	0.088197	0.348769	0.933050	-0.976805	0.213770	0.012427	-0.195124	-0.912504	0.359533
10964		9.841331	-0.588175	4.003398	0.055150	-0.006719	-0.086206	0.999999	0.000689	-0.000084	-0.001078	0.089721	0.348204	0.933115	-0.976987	0.212802	0.014530	-0.193509	-0.912946	0.359283
10965		9.790025	-0.497461	4.006705	0.040340	0.001713	-0.057284	1.000000	0.000504	0.000021	-0.000716	0.090495	0.348094	0.933082	-0.977171	0.211873	0.015731	-0.192219	-0.913204	0.359320
10966		9.839422	-0.485514	3.985339	0.000947	-0.000959	-0.038192	1.000000	0.000012	-0.000012	-0.000477	0.090734	0.348052	0.933074	-0.977214	0.211646	0.016079	-0.191885	-0.913272	0.359325
10967		9.794041	-0.537715	3.976196	-0.021528	-0.011838	-0.040020	1.000000	-0.000269	-0.000148	-0.000500	0.091051	0.347689	0.933178	-0.977129	0.212021	0.016344	-0.192170	-0.913323	0.359042
10968		9.772169	-0.591711	4.013067	-0.016773	-0.010237	-0.030089	1.000000	-0.000210	-0.000128	-0.000376	0.091142	0.347269	0.933326	-0.977090	0.212187	0.016466	-0.192321	-0.913444	0.358653
10969		9.751513	-0.494732	4.055117	-0.050099	-0.006858	-0.007419	1.000000	-0.000626	-0.000086	-0.000093	0.090715	0.347197	0.933394	-0.976941	0.212930	0.015743	-0.193282	-0.913299	0.358507
10970		9.764538	-0.430941	4.051799	-0.097375	0.006623	0.012353	0.999999	-0.001217	0.000083	0.000154	0.089820	0.347445	0.933389	-0.976608	0.214565	0.014110	-0.195371	-0.912822	0.358589
10971		9.757470	-0.421830	3.992622	-0.099640	0.024485	0.019410	0.999999	-0.001245	0.000306	0.000243	0.088755	0.348275	0.933181	-0.976290	0.216124	0.012195	-0.197436	-0.912138	0.359199
10972		9.744406	-0.242680	3.991664	-0.118754	0.028099	0.024701	0.999999	-0.001484	0.000351	0.000309	0.087632	0.349051	0.932997	-0.975870	0.218119	0.010057	-0.199994	-0.911366	0.359743
10973		9.786117	-0.081973	4.109771	-0.188127	-0.000272	0.012990	0.999997	-0.002352	-0.000003	0.000162	0.086751	0.349019	0.933092	-0.975045	0.221875	0.007660	-0.204356	-0.910471	0.359557
10974		9.839937	-0.106881	4.148032	-0.247960	0.004327	-0.002583	0.999995	-0.003099	0.000054	-0.000032	0.086255	0.349085	0.933113	-0.973865	0.227070	0.005074	-0.210111	-0.909164	0.359548
10975		9.823264	-0.192200	4.158031	-0.223122	0.035419	-0.019359	0.999996	-0.002789	0.000443	-0.000242	0.086443	0.349761	0.932842	-0.972736	0.231892	0.003194	-0.215201	-0.907686	0.360271
10976		9.868499	-0.212658	4.117581	-0.156359	0.053106	-0.029974	0.999998	-0.001954	0.000664	-0.000375	0.086848	0.350953	0.932357	-0.971957	0.235149	0.002022	-0.218533	-0.906386	0.361534
10977		9.933299	-0.167675	4.105862	-0.106204	0.055054	-0.032293	0.999999	-0.001328	0.000688	-0.000404	0.087423	0.352002	0.931908	-0.971406	0.237420	0.001450	-0.220743	-0.905387	0.362693
10978		9.937684	-0.126297	4.054920	-0.058611	0.051668	-0.042332	0.999999	-0.000733	0.000646	-0.000529	0.088069	0.353134	0.931418	-0.971135	0.238526	0.001391	-0.221677	-0.904656	0.363947
10979		9.874434	-0.161733	3.971042	-0.000568	0.047132	-0.061100	1.000000	-0.000007	0.000589	-0.000764	0.089339	0.354010	0.930965	-0.971132	0.238531	0.002490	-0.221182	-0.904312	0.365100
10980		9.825804	-0.072369	3.982122	0.020149	0.031199	-0.074993	0.999999	0.000252	0.000390	-0.000937	0.090988	0.354405	0.930655	-0.971197	0.238240	0.004227	-0.220221	-0.904234	0.365874
10981		9.864695	-0.083995	3.996802	-0.032397	0.028075	-0.088994	0.999999	-0.000405	0.000351	-0.001112	0.092790	0.354439	0.930464	-0.970915	0.239357	0.005647	-0.220712	-0.903926	0.366340
10982		9.871430	-0.249944	3.987008	-0.065397	0.037225	-0.100605	0.999999	-0.000817	0.000465	-0.001258	0.094945	0.354713	0.930142	-0.970434	0.241262	0.007052	-0.221906	-0.903311	0.367133
10983		9.877622	-0.389014	4.029478	-0.045243	0.039514	-0.096717	0.999999	-0.000566	0.000494	-0.001209	0.097071	0.355162	0.929751	-0.970079	0.242638	0.008594	-0.222541	-0.902766	0.368088
10984		9.868062	-0.533765	3.927347	0.008523	0.040249	-0.084701	0.999999	0.000107	0.000503	-0.001059	0.098789	0.355613	0.929398	-0.970031	0.242765	0.010219	-0.221991	-0.902554	0.368939
10985		9.767553	-0.490452	3.925117	0.067228	0.029659	-0.061230	0.999999	0.000840	0.000371	-0.000765	0.099863	0.355870	0.929185	-0.970352	0.241407	0.011830	-0.220102	-0.902817	0.369426
10986		9.722593	-0.287324	4.010391	0.025476	0.018175	-0.034573	1.000000	0.000318	0.000227	-0.000432	0.100158	0.356155	0.929044	-0.970525	0.240684	0.012362	-0.219203	-0.902898	0.369763
10987		9.725957	-0.263772	4.020118	-0.078075	0.011577	-0.013268	0.999999	-0.000976	0.000145	-0.000166	0.100045	0.356302	0.928999	-0.970161	0.242186	0.011592	-0.220860	-0.902438	0.369899
10988		9.739918	-0.366812	4.031004	-0.103333	0.013700	0.003568	0.999999	-0.001292	0.000171	0.000045	0.099466	0.356833	0.928858	-0.969742	0.243921	0.010139	-0.222950	-0.901761	0.370298
10989		9.783226	-0.358301	3.999903	-0.057229	0.022438	0.018113	1.000000	-0.000715	0.000280	0.000226	0.098733	0.357333	0.928744	-0.969566	0.244669	0.008936	-0.224042	-0.901360	0.370614
10990		9.765994	-0.209388	3.988560	-0.022257	0.022350	0.028865	1.000000	-0.000278	0.000279	0.000361	0.097610	0.358158	0.928545	-0.969640	0.244418	0.007653	-0.224212	-0.901101	0.371142
10991		9.811131	-0.078525	3.988814	-0.029459	0.011525	0.028165	1.000000	-0.000368	0.000144	0.000352	0.096529	0.358644	0.928470	-0.969664	0.244358	0.006422	-0.224576	-0.900924	0.371352
10992		9.844674	-0.102296	3.972600	-0.031351	0.009575	0.009120	1.000000	-0.000392	0.000120	0.000114	0.095835	0.358978	0.928413	-0.969620	0.244553	0.005531	-0.225061	-0.900738	0.371509
10993		9.827456	-0.068229	4.002932	-0.013523	0.001622	-0.004343	1.000000	-0.000169	0.000020	-0.000054	0.095490	0.359028	0.928429	-0.969650	0.244440	0.005204	-0.225077	-0.900748	0.371474
10994		9.770434	-0.051418	4.049710	-0.028990	-0.006543	-0.011753	1.000000	-0.000362	-0.000082	-0.000147	0.095210	0.358903	0.928506	-0.969579	0.244733	0.004823	-0.225505	-0.900719	0.371285
10995		9.822339	-0.082163	4.023230	-0.025358	-0.004391	-0.021333	1.000000	-0.000317	-0.000055	-0.000267	0.095063	0.358834	0.928548	-0.969508	0.245018	0.004570	-0.225871	-0.900669	0.371184
10996		9.865130	-0.069253	4.023547	-0.018529	0.005054	-0.029978	1.000000	-0.000232	0.000063	-0.000375	0.095271	0.359017	0.928456	-0.969482	0.245117	0.004699	-0.225893	-0.900569	0.371413
10997		9.885740	-0.039056	4.048368	-0.035862	0.010952	-0.031815	1.000000	-0.000448	0.000137	-0.000398	0.095728	0.359024	0.928406	-0.969300	0.245831	0.004879	-0.226479	-0.900371	0.371535
10998		9.857512	-0.011047	4.093298	-0.066101	-0.002682	-0.033377	1.000000	-0.000826	-0.000034	-0.000417	0.096035	0.358877	0.928431	-0.968976	0.247109	0.004711	-0.227733	-0.900081	0.371474
10999		9.766868	0.002293	4.133634	-0.081100	-0.023168	-0.041675	0.999999	-0.001014	-0.000290	-0.000521	0.096528	0.358089	0.928684	-0.968516	0.248909	0.004692	-0.229477	-0.899898	0.370841
11000		9.755663	-0.078094	4.109743	-0.056538	-0.017508	-0.052599	1.000000	-0.000707	-0.000219	-0.000657	0.097314	0.357218	0.928938	-0.968132	0.250389	0.005134	-0.230762	-0.899834	0.370200
11001		9.846390	-0.135270	4.077873	-0.017094	0.009522	-0.056750	1.000000	-0.000214	0.000119	-0.000709	0.098316	0.357124	0.928868	-0.968014	0.250823	0.006025	-0.230830	-0.899750	0.370361
11002		9.873145	-0.069147	4.076603	-0.028793	0.022533	-0.041189	1.000000	-0.000360	0.000282	-0.000515	0.099032	0.357380	0.928694	-0.967852	0.251438	0.006449	-0.231204	-0.899477	0.370791
11003		9.864981	-0.098181	4.057101	-0.050186	0.017719	-0.022854	1.000000	-0.000627	0.000221	-0.000286	0.099198	0.357678	0.928561	-0.967608	0.252384	0.006152	-0.232154	-0.899093	0.371128
11004		9.837618	-0.100031	4.001007	-0.029129	0.016440	-0.016367	1.000000	-0.000364	0.000205	-0.000205	0.099160	0.358069	0.928415	-0.967531	0.252685	0.005883	-0.232489	-0.898853	0.371499
11005		9.817463	-0.010414	4.008600	-0.021452	0.011840	-0.022165	1.000000	-0.000268	0.000148	-0.000277	0.099342	0.358367	0.928280	-0.967507	0.252774	0.005955	-0.232511	-0.898709	0.371834
11006		9.871168	-0.013109	4.021531	-0.036735	0.010627	-0.029602	1.000000	-0.000459	0.000133	-0.000370	0.099679	0.358524	0.928184	-0.967344	0.253395	0.006007	-0.233043	-0.898472	0.372074
11007		9.849568	-0.057914	4.001970	-0.038975	0.012972	-0.036510	1.000000	-0.000487	0.000162	-0.000456	0.100253	0.358608	0.928089	-0.967131	0.254201	0.006249	-0.233680	-0.898211	0.372305
11008		9.812034	-0.029339	4.028269	-0.049870	0.005498	-0.040333	1.000000	-0.000623	0.000069	-0.000504	0.100958	0.358390	0.928097	-0.966823	0.255364	0.006561	-0.234651	-0.897968	0.372280
11009		9.781209	-0.049703	4.038307	-0.061220	0.001498	-0.039975	1.000000	-0.000765	0.000019	-0.000500	0.101526	0.358235	0.928095	-0.966486	0.256634	0.006667	-0.235793	-0.897667	0.372284
11010		9.796421	-0.098076	4.067135	-0.062831	-0.000590	-0.029704	1.000000	-0.000785	-0.000007	-0.000371	0.101826	0.357960	0.928168	-0.966102	0.258078	0.006457	-0.237229	-0.897363	0.372105
11011		9.794674	-0.091395	4.072118	-0.064861	-0.000028	-0.012118	1.000000	-0.000811	-0.000000	-0.000151	0.101728	0.357853	0.928220	-0.965776	0.259312	0.005872	-0.238597	-0.897050	0.371985
11012		9.819791	-0.088454	4.083843	-0.061858	-0.008530	0.009520	1.000000	-0.000773	-0.000107	0.000119	0.101001	0.357801	0.928320	-0.965539	0.260213	0.004757	-0.239859	-0.896810	0.371753
11013		9.799958	-0.005512	4.115884	-0.059640	-0.006142	0.012526	1.000000	-0.000745	-0.000077	0.000157	0.100175	0.357889	0.928375	-0.965347	0.260945	0.003570	-0.240978	-0.896562	0.371628
11014		9.853322	-0.011989	4.130427	-0.056265	-0.000564	0.007892	1.000000	-0.000703	-0.000007	0.000099	0.099600	0.358038	0.928380	-0.965166	0.261625	0.002649	-0.241939	-0.896304	0.371624
11015		9.911301	-0.056875	4.083971	-0.035438	0.007172	0.001738	1.000000	-0.000443	0.000090	0.000022	0.099157	0.358214	0.928359	-0.965040	0.262094	0.001944	-0.242621	-0.896097	0.371679
11016		9.876934	-0.069012	4.053676	-0.006177	0.015375	0.001282	1.000000	-0.000077	0.000192	0.000016	0.098795	0.358463	0.928302	-0.965045	0.262080	0.001503	-0.242750	-0.896002	0.371825
11017		9.808619	0.011523	4.054228	-0.008538	0.010673	0.001529	1.000000	-0.000107	0.000133	0.000019	0.098492	0.358628	0.928270	-0.965068	0.261996	0.001177	-0.242781	-0.895960	0.371905
11018		9.782620	-0.018923	4.072260	-0.022389	0.002855	0.002179	1.000000	-0.000280	0.000036	0.000027	0.098043	0.358691	0.928293	-0.965019	0.262180	0.000616	-0.243159	-0.895881	0.371848
11019		9.789514	-0.053005	4.052159	-0.012184	0.005289	-0.000024	1.000000	-0.000152	0.000066	-0.000000	0.097700	0.358882	0.928256	-0.965075	0.261973	0.000291	-0.243074	-0.895865	0.371942
11020		9.813330	-0.002425	4.037211	-0.007070	0.009620	0.006415	1.000000	-0.000088	0.000120	0.000080	0.097261	0.359149	0.928199	-0.965151	0.261693	-0.000124	-0.242948	-0.895840	0.372085
11021		9.872070	-0.016138	4.057857	-0.023211	0.015233	0.012935	1.000000	-0.000290	0.000190	0.000162	0.096653	0.359639	0.928072	-0.965156	0.261672	-0.000886	-0.243170	-0.895649	0.372399
11022		9.859894	-0.027194	3.975686	-0.020223	0.010782	0.012357	1.000000	-0.000253	0.000135	0.000154	0.096027	0.359924	0.928027	-0.965126	0.261782	-0.001663	-0.243539	-0.895503	0.372510
11023		9.803729	0.021110	3.989081	0.003509	-0.004795	-0.002408	1.000000	0.000044	-0.000060	-0.000030	0.095752	0.359758	0.928119	-0.965224	0.261418	-0.001751	-0.243257	-0.895675	0.372278
11024		9.793979	0.064082	4.117363	-0.012698	-0.022000	-0.011866	1.000000	-0.000159	-0.000275	-0.000148	0.095407	0.359398	0.928294	-0.965274	0.261232	-0.001930	-0.243194	-0.895874	0.371841
11025		9.830422	-0.053506	4.107144	-0.024448	-0.007504	-0.012795	1.000000	-0.000306	-0.000094	-0.000160	0.095251	0.359140	0.928410	-0.965168	0.261622	-0.002182	-0.243676	-0.895864	0.371550
11026		9.802592	-0.088870	4.083177	0.008431	0.018772	-0.008418	1.000000	0.000105	0.000235	-0.000105	0.095188	0.359496	0.928279	-0.965280	0.261210	-0.002176	-0.243258	-0.895842	0.371878
11027		9.821307	-0.015013	4.057750	0.017765	0.016165	0.003994	1.000000	0.000222	0.000202	0.000050	0.094805	0.359927	0.928151	-0.965495	0.260410	-0.002364	-0.242551	-0.895901	0.372196
11028		9.867085	0.077381	4.061189	-0.013574	0.001461	0.004542	1.000000	-0.000170	0.000018	0.000057	0.094364	0.359928	0.928196	-0.965484	0.260447	-0.002839	-0.242767	-0.895890	0.372082
11029		9.864946	0.064051	4.094937	-0.032029	-0.008614	-0.008599	1.000000	-0.000400	-0.000108	-0.000107	0.094171	0.359555	0.928360	-0.965294	0.261146	-0.003224	-0.243596	-0.895837	0.371669
11030		9.843197	0.044554	4.098648	-0.019264	-0.004697	-0.021445	1.000000	-0.000241	-0.000059	-0.000268	0.094296	0.359409	0.928404	-0.965262	0.261266	-0.003103	-0.243675	-0.895860	0.371560
11031		9.808930	-0.017969	4.101123	0.011378	0.007424	-0.033579	1.000000	0.000142	0.000093	-0.000420	0.094767	0.359342	0.928382	-0.965317	0.261068	-0.002512	-0.243273	-0.895945	0.371620
11032		9.820156	-0.043186	4.090601	0.027986	0.018890	-0.035421	1.000000	0.000350	0.000236	-0.000443	0.095422	0.359542	0.928237	-0.965495	0.260417	-0.001618	-0.242310	-0.896054	0.371986
11033		9.882346	-0.040277	4.073656	0.018235	0.023924	-0.019109	1.000000	0.000228	0.000299	-0.000239	0.095723	0.359960	0.928044	-0.965660	0.259806	-0.001168	-0.241531	-0.896063	0.372469
11034		9.833690	-0.002731	4.012147	-0.001439	0.018460	-0.008714	1.000000	-0.000018	0.000231	-0.000109	0.095738	0.360362	0.927886	-0.965756	0.259450	-0.001117	-0.241143	-0.896005	0.372861
11035		9.805234	0.018404	4.031406	-0.011917	0.012276	-0.011958	1.000000	-0.000149	0.000153	-0.000149	0.095830	0.360509	0.927820	-0.965730	0.259547	-0.001103	-0.241210	-0.895918	0.373027
11036		9.842751	-0.032435	4.057101	-0.002481	0.006613	-0.020978	1.000000	-0.000031	0.000083	-0.000262	0.096086	0.360412	0.927831	-0.965707	0.259633	-0.000845	-0.241200	-0.895932	0.373000
11037		9.860420	-0.029594	4.070246	0.012419	0.008203	-0.023697	1.000000	0.000155	0.000103	-0.000296	0.096294	0.360519	0.927768	-0.965825	0.259196	-0.000477	-0.240646	-0.896015	0.373157
11038		9.808838	0.003404	4.069563	0.004502	0.012885	-0.025638	1.000000	0.000056	0.000161	-0.000320	0.096679	0.360626	0.927686	-0.965873	0.259018	-0.000031	-0.240298	-0.896024	0.373360
11039		9.793884	-0.067966	4.056647	-0.010188	0.007947	-0.019082	1.000000	-0.000127	0.000099	-0.000239	0.096927	0.360624	0.927661	-0.965844	0.259125	0.000183	-0.240314	-0.895994	0.373423
11040		9.821436	-0.072156	4.061180	-0.000712	0.008445	-0.007521	1.000000	-0.000009	0.000106	-0.000094	0.096902	0.360748	0.927616	-0.965921	0.258837	0.000242	-0.240014	-0.896027	0.373536
11041		9.816593	-0.015399	4.068576	0.003562	0.014919	0.000882	1.000000	0.000045	0.000186	0.000011	0.096707	0.361029	0.927527	-0.966019	0.258470	0.000114	-0.239696	-0.896020	0.373757
11042		9.823217	0.027515	4.062835	-0.013044	0.016061	0.004380	1.000000	-0.000163	0.000201	0.000055	0.096355	0.361374	0.927429	-0.966004	0.258528	-0.000373	-0.239901	-0.895864	0.373999
11043		9.818176	0.024573	4.029954	-0.019928	0.012141	0.000327	1.000000	-0.000249	0.000152	0.000004	0.096170	0.361577	0.927369	-0.965956	0.258704	-0.000696	-0.240165	-0.895731	0.374147
11044		9.813344	-0.000210	4.048723	-0.008217	0.005691	-0.004174	1.000000	-0.000103	0.000071	-0.000052	0.096009	0.361637	0.927362	-0.965967	0.258664	-0.000864	-0.240188	-0.895719	0.374163
11045		9.826280	-0.019288	4.031399	-0.001996	0.010895	-0.005336	1.000000	-0.000025	0.000136	-0.000067	0.095831	0.361929	0.927267	-0.966062	0.258308	-0.000982	-0.239876	-0.895703	0.374400
11046		9.881023	-0.009638	4.038849	-0.008684	0.010676	0.004764	1.000000	-0.000109	0.000133	0.000060	0.095490	0.362176	0.927206	-0.966105	0.258146	-0.001339	-0.239840	-0.895650	0.374551
11047		9.766565	0.053904	4.025418	-0.023118	0.012636	0.013612	1.000000	-0.000289	0.000158	0.000170	0.095034	0.362412	0.927160	-0.966044	0.258371	-0.001974	-0.240267	-0.895490	0.374660
11048		9.783826	0.070111	4.037097	-0.020029	-0.007588	0.005739	1.000000	-0.000250	-0.000095	0.000072	0.094481	0.362346	0.927243	-0.966040	0.258379	-0.002534	-0.240498	-0.895514	0.374453
11049		9.858461	0.072861	4.126277	-0.011552	-0.018819	-0.009212	1.000000	-0.000144	-0.000235	-0.000115	0.094298	0.361838	0.927460	-0.966028	0.258425	-0.002602	-0.240621	-0.895706	0.373914
11050		9.848171	0.008319	4.098115	0.011932	0.006214	-0.023454	1.000000	0.000149	0.000078	-0.000293	0.094637	0.361784	0.927446	-0.966119	0.258089	-0.002094	-0.240122	-0.895825	0.373951
