// Start Time: Unknown
// Update Rate: 40.0Hz
// Filter Profile: human (46.1)
// Firmware Version: 4.3.4
PacketCounter	SampleTimeFine	Acc_X	Acc_Y	Acc_Z	Gyr_X	Gyr_Y	Gyr_Z	OriInc_q0	OriInc_q1	OriInc_q2	OriInc_q3	Mat[1][1]	Mat[2][1]	Mat[3][1]	Mat[1][2]	Mat[2][2]	Mat[3][2]	Mat[1][3]	Mat[2][3]	Mat[3][3]
10839		9.753260	1.496169	0.162118	-0.024760	0.081524	-0.025040	0.999999	-0.000310	0.001019	-0.000313	0.101860	0.112932	0.988368	-0.733652	-0.662466	0.151303	0.671847	-0.740530	0.015373
10840		10.257147	1.622622	0.105787	0.054566	0.051062	0.054933	0.999999	0.000682	0.000638	0.000687	0.099995	0.112966	0.988554	-0.732874	-0.663631	0.149968	0.672977	-0.739481	0.016430
10841		10.327375	1.780910	0.192762	0.020357	0.048127	0.128464	0.999998	0.000254	0.000602	0.001606	0.096825	0.111700	0.989014	-0.732838	-0.664382	0.146781	0.673478	-0.738999	0.017529
10842		10.235639	1.679276	0.252315	0.027369	0.050222	0.145561	0.999998	0.000342	0.000628	0.001820	0.093323	0.110178	0.989521	-0.732703	-0.665315	0.143182	0.674119	-0.738387	0.018639
10843		10.201230	1.628188	0.307668	0.077909	0.007307	0.179911	0.999997	0.000974	0.000091	0.002249	0.089934	0.107369	0.990143	-0.731802	-0.667229	0.138821	0.675557	-0.737074	0.018566
10844		10.193755	1.926131	0.309653	0.056156	-0.028916	0.204803	0.999996	0.000702	-0.000361	0.002560	0.086716	0.103541	0.990838	-0.731317	-0.668767	0.133888	0.676503	-0.736227	0.017728
10845		9.816046	1.829398	0.230765	0.015615	-0.008548	0.187752	0.999997	0.000195	-0.000107	0.002347	0.083532	0.100380	0.991437	-0.731410	-0.669546	0.129413	0.676802	-0.735957	0.017491
10846		9.525761	1.930879	0.488928	-0.005069	0.005179	0.178723	0.999998	-0.000063	0.000065	0.002234	0.080379	0.097756	0.991959	-0.731813	-0.669885	0.125315	0.676749	-0.736001	0.017695
10847		9.591078	1.872799	0.348996	-0.031770	-0.023914	0.186138	0.999997	-0.000397	-0.000299	0.002327	0.077656	0.094610	0.992481	-0.732609	-0.669777	0.121170	0.676205	-0.736510	0.017300
10848		9.345864	1.767051	0.318096	0.057057	-0.022264	0.197842	0.999997	0.000713	-0.000278	0.002473	0.074801	0.091475	0.992994	-0.731883	-0.671316	0.116974	0.677313	-0.735505	0.016734
10849		9.214166	1.883798	0.369499	0.130019	-0.000097	0.221108	0.999995	0.001625	-0.000001	0.002764	0.071313	0.088590	0.993512	-0.729936	-0.674192	0.112510	0.679785	-0.733224	0.016587
10850		9.366273	2.036627	0.548104	0.191884	0.002730	0.230442	0.999993	0.002399	0.000034	0.002881	0.067696	0.085678	0.994020	-0.726847	-0.678261	0.107962	0.683455	-0.729809	0.016359
10851		9.502951	1.965464	0.276147	0.259723	0.010239	0.222769	0.999991	0.003247	0.000128	0.002785	0.064268	0.083473	0.994435	-0.722502	-0.683491	0.104066	0.688375	-0.725170	0.016383
10852		9.686096	2.113952	0.331282	0.424112	-0.022858	0.189818	0.999983	0.005301	-0.000286	0.002373	0.062187	0.081303	0.994748	-0.715134	-0.691617	0.101234	0.696215	-0.717674	0.015133
10853		9.901452	2.652812	0.583989	0.474383	-0.051323	0.199164	0.999979	0.005930	-0.000642	0.002490	0.060688	0.078628	0.995055	-0.706741	-0.700587	0.098463	0.704864	-0.709222	0.013053
10854		9.665853	2.665953	0.620705	0.533732	-0.057663	0.184324	0.999975	0.006672	-0.000721	0.002304	0.059949	0.076441	0.995270	-0.697086	-0.710456	0.096554	0.714477	-0.699577	0.010695
10855		9.437460	2.571661	0.587937	0.607032	-0.078393	0.156093	0.999969	0.007588	-0.000980	0.001951	0.060514	0.074938	0.995350	-0.685889	-0.721345	0.096009	0.725185	-0.688510	0.007748
10856		9.268982	2.153268	0.291848	0.752921	-0.069972	0.168662	0.999953	0.009411	-0.000875	0.002108	0.060654	0.073808	0.995426	-0.671579	-0.734766	0.095401	0.738447	-0.674293	0.005002
10857		8.565489	1.726717	0.985288	0.758812	0.005227	0.196511	0.999952	0.009485	0.000065	0.002456	0.059329	0.073546	0.995526	-0.657058	-0.747905	0.094411	0.751502	-0.659719	0.003952
10858		9.651404	0.531421	1.223518	0.458581	-0.034466	0.160881	0.999981	0.005732	-0.000431	0.002011	0.058985	0.072986	0.995587	-0.647907	-0.755922	0.093802	0.759432	-0.650581	0.002700
10859		10.913955	-0.609914	0.672013	0.345089	0.002045	0.058356	0.999990	0.004314	0.000026	0.000729	0.059348	0.075255	0.995397	-0.640615	-0.761863	0.095794	0.765565	-0.643352	0.002994
10860		10.839055	-0.327665	0.794207	0.265925	0.122907	0.111229	0.999992	0.003324	0.001536	0.001390	0.055509	0.077823	0.995421	-0.634947	-0.766650	0.095345	0.770559	-0.637331	0.006857
10861		10.665971	-0.454431	1.061507	0.037172	0.201239	0.224554	0.999993	0.000465	0.002515	0.002807	0.047710	0.078917	0.995739	-0.633897	-0.768016	0.091242	0.771944	-0.635549	0.013384
10862		10.323566	-0.887958	0.899188	-0.142338	0.173489	0.274950	0.999990	-0.001779	0.002169	0.003437	0.039407	0.077979	0.996176	-0.636873	-0.766250	0.085175	0.769961	-0.637794	0.019467
10863		10.230869	-1.393948	0.203909	-0.284284	0.096399	0.367664	0.999982	-0.003554	0.001205	0.004596	0.030063	0.073626	0.996833	-0.642070	-0.762898	0.075711	0.766056	-0.642313	0.024338
10864		10.042948	-2.329350	-0.625353	-0.270713	0.021516	0.454513	0.999978	-0.003384	0.000269	0.005681	0.020576	0.065413	0.997646	-0.647185	-0.759712	0.063160	0.762056	-0.646961	0.026702
10865		9.298750	-2.516342	-0.642769	-0.143153	0.003272	0.460308	0.999982	-0.001789	0.000041	0.005754	0.011193	0.056024	0.998367	-0.649918	-0.758368	0.049843	0.759922	-0.649414	0.027923
10866		9.114847	-2.124036	-0.570109	0.081385	-0.035520	0.361857	0.999989	0.001017	-0.000444	0.004523	0.003981	0.047526	0.998862	-0.648816	-0.759958	0.038745	0.760935	-0.648232	0.027810
10867		9.057798	-1.096865	-0.094152	0.148536	-0.019091	0.258358	0.999993	0.001857	-0.000239	0.003229	-0.002107	0.040706	0.999169	-0.646214	-0.762578	0.029705	0.763154	-0.645614	0.027911
10868		9.525666	-0.504129	0.317577	0.175535	-0.006730	0.190459	0.999995	0.002194	-0.000084	0.002381	-0.007298	0.034970	0.999362	-0.643054	-0.765502	0.022091	0.765786	-0.642482	0.028074
10869		9.673566	-0.751457	0.915131	0.099811	0.054635	0.115879	0.999998	0.001248	0.000683	0.001448	-0.012471	0.031725	0.999419	-0.641369	-0.767058	0.016346	0.767131	-0.640792	0.029914
10870		9.395091	-1.128451	0.790544	0.104794	0.000279	0.040611	0.999999	0.001310	0.000003	0.000508	-0.015286	0.029084	0.999460	-0.639856	-0.768392	0.012574	0.768343	-0.639318	0.030355
10871		9.748057	-1.074093	0.881482	0.183752	-0.057207	-0.005840	0.999997	0.002297	-0.000715	-0.000073	-0.016536	0.026432	0.999514	-0.636610	-0.771123	0.009860	0.771009	-0.636137	0.029578
10872		9.746151	-0.791294	0.680799	0.158596	-0.095909	0.021517	0.999997	0.001982	-0.001199	0.000269	-0.017562	0.022635	0.999590	-0.633625	-0.773614	0.006385	0.773441	-0.633252	0.027929
10873		9.574965	-1.127134	0.546250	0.058508	-0.062799	-0.022542	0.999999	0.000731	-0.000785	-0.000282	-0.018217	0.020285	0.999628	-0.632688	-0.774395	0.004184	0.774192	-0.632377	0.026941
10874		9.518933	-1.632259	0.654295	0.166400	-0.071814	-0.071069	0.999997	0.002080	-0.000898	-0.000888	-0.018216	0.018730	0.999659	-0.629964	-0.776619	0.003072	0.776411	-0.629693	0.025947
10875		9.584250	-1.209245	0.556480	0.257681	-0.052879	-0.092016	0.999994	0.003221	-0.000661	-0.001150	-0.018014	0.017838	0.999679	-0.624974	-0.780641	0.002668	0.780438	-0.624725	0.025211
10876		9.620448	-0.804321	0.618430	0.228572	-0.040217	-0.106482	0.999995	0.002857	-0.000503	-0.001331	-0.017879	0.017449	0.999688	-0.620264	-0.784389	0.002598	0.784189	-0.620024	0.024847
10877		10.121251	-1.074966	0.698736	0.261226	-0.035743	-0.083963	0.999994	0.003265	-0.000447	-0.001050	-0.018217	0.016776	0.999693	-0.615218	-0.788355	0.002018	0.788147	-0.614992	0.024682
10878		10.130835	-1.505571	0.755661	0.412035	-0.113063	-0.068307	0.999985	0.005150	-0.001413	-0.000854	-0.017322	0.014678	0.999742	-0.607342	-0.794440	0.001141	0.794252	-0.607166	0.022676
10879		9.597238	-0.821388	0.739694	0.411603	-0.152098	-0.095186	0.999984	0.005145	-0.001901	-0.001190	-0.015264	0.012501	0.999805	-0.600039	-0.799971	0.000841	0.799825	-0.599909	0.019712
10880		9.171465	-0.507152	0.843728	0.244997	-0.181811	-0.125226	0.999992	0.003062	-0.002273	-0.001565	-0.012069	0.010604	0.999871	-0.594944	-0.803766	0.001343	0.803677	-0.594851	0.016010
10881		9.611096	-1.084355	0.782949	0.241539	-0.161247	-0.139929	0.999992	0.003019	-0.002016	-0.001749	-0.008594	0.009629	0.999917	-0.589982	-0.807412	0.002705	0.807371	-0.589910	0.012620
10882		10.471339	-0.951983	0.702823	0.356660	-0.100914	-0.076681	0.999989	0.004458	-0.001261	-0.000959	-0.007480	0.008239	0.999938	-0.582526	-0.812809	0.002340	0.812778	-0.582472	0.010879
10883		10.525104	-0.071885	0.369965	0.372004	-0.092233	-0.080234	0.999988	0.004650	-0.001153	-0.001003	-0.006883	0.007095	0.999951	-0.574665	-0.818386	0.001851	0.818360	-0.574625	0.009710
10884		9.890949	0.111078	0.606595	0.268561	-0.042993	-0.084308	0.999994	0.003357	-0.000537	-0.001054	-0.006732	0.006953	0.999953	-0.568994	-0.822339	0.001887	0.822314	-0.568955	0.009492
10885		10.189363	-0.139854	0.442770	0.170452	0.012303	-0.044251	0.999998	0.002131	0.000154	-0.000553	-0.007978	0.007052	0.999943	-0.566151	-0.824301	0.001296	0.824263	-0.566108	0.010568
10886		10.130755	-0.127998	0.808181	0.120096	0.073170	-0.006032	0.999998	0.001501	0.000915	-0.000075	-0.010924	0.007253	0.999914	-0.563731	-0.825958	-0.000167	0.825886	-0.563684	0.013112
10887		9.847125	-0.050282	0.548437	0.094057	0.061802	-0.030343	0.999999	0.001176	0.000773	-0.000379	-0.013665	0.007849	0.999876	-0.562290	-0.826939	-0.001193	0.826827	-0.562236	0.015713
10888		9.799746	-0.014057	0.454233	0.107227	0.103267	-0.062350	0.999998	0.001340	0.001291	-0.000779	-0.016678	0.009749	0.999813	-0.560476	-0.828170	-0.001274	0.828003	-0.560392	0.019276
10889		10.031528	0.126137	0.376900	0.102621	0.158595	-0.071042	0.999997	0.001283	0.001982	-0.000888	-0.020303	0.012788	0.999712	-0.559252	-0.828998	-0.000753	0.828749	-0.559106	0.023983
10890		10.063563	0.211291	0.419301	0.097863	0.188672	-0.055590	0.999996	0.001223	0.002358	-0.000695	-0.024681	0.016010	0.999567	-0.557589	-0.830117	-0.000472	0.829750	-0.557359	0.029415
10891		9.791981	0.232363	0.310754	0.059301	0.177985	-0.056204	0.999997	0.000741	0.002225	-0.000703	-0.029109	0.019131	0.999393	-0.557301	-0.830310	-0.000338	0.829800	-0.556973	0.034831
10892		9.801276	0.246878	0.220015	0.031249	0.198924	-0.070536	0.999996	0.000391	0.002487	-0.000882	-0.033411	0.022891	0.999180	-0.557195	-0.830382	0.000392	0.829709	-0.556725	0.040498
10893		9.962665	0.304340	0.341950	0.032079	0.189633	-0.056655	0.999997	0.000401	0.002370	-0.000708	-0.037421	0.026288	0.998954	-0.556484	-0.830858	0.001019	0.830015	-0.555864	0.045721
10894		9.915397	0.296377	0.230750	0.026923	0.185362	-0.032347	0.999997	0.000337	0.002317	-0.000404	-0.041650	0.029091	0.998709	-0.555681	-0.831395	0.001043	0.830352	-0.554919	0.050793
10895		9.732159	0.281173	0.528528	0.023633	0.198197	-0.035951	0.999997	0.000295	0.002477	-0.000449	-0.046098	0.032247	0.998416	-0.555151	-0.831749	0.001232	0.830471	-0.554215	0.056244
10896		9.833254	0.308592	0.623321	0.002490	0.186174	-0.043906	0.999997	0.000031	0.002327	-0.000549	-0.050137	0.035434	0.998114	-0.555492	-0.831520	0.001616	0.830009	-0.554363	0.061373
10897		9.832130	0.263449	0.681804	0.004059	0.180111	-0.038144	0.999997	0.000051	0.002251	-0.000477	-0.054196	0.038295	0.997796	-0.554665	-0.832072	0.001808	0.830307	-0.553344	0.066335
10898		9.760477	0.189403	0.812724	0.022227	0.198505	-0.039107	0.999997	0.000278	0.002481	-0.000489	-0.058562	0.041484	0.997421	-0.553875	-0.832597	0.002109	0.830538	-0.552323	0.071736
10899		9.914703	0.152731	0.646489	0.060743	0.196292	-0.062715	0.999996	0.000759	0.002454	-0.000784	-0.062339	0.045241	0.997029	-0.552447	-0.833542	0.003281	0.831214	-0.550601	0.076955
10900		9.832297	-0.164247	0.663346	0.160791	0.197709	-0.115271	0.999994	0.002010	0.002471	-0.001441	-0.065351	0.050325	0.996593	-0.550150	-0.835044	0.006091	0.832505	-0.547877	0.082257
10901		9.721171	0.119872	0.890438	0.250942	0.198768	-0.133255	0.999991	0.003137	0.002485	-0.001666	-0.068208	0.055599	0.996121	-0.544943	-0.838419	0.009482	0.835694	-0.542183	0.087485
10902		9.877592	0.934388	0.778402	0.170415	0.152151	-0.102406	0.999995	0.002130	0.001902	-0.001280	-0.070214	0.059534	0.995754	-0.541466	-0.840636	0.012079	0.837786	-0.538319	0.091260
10903		9.915783	0.869322	0.615053	0.081213	0.158398	-0.096705	0.999997	0.001015	0.001980	-0.001209	-0.072683	0.063550	0.995328	-0.539958	-0.841571	0.014303	0.838548	-0.536396	0.095482
10904		9.769096	0.639893	0.744393	0.084479	0.152225	-0.107715	0.999997	0.001056	0.001903	-0.001346	-0.074696	0.067670	0.994908	-0.538297	-0.842586	0.016895	0.839438	-0.534294	0.099364
10905		9.628794	0.747644	0.796680	0.105166	0.124776	-0.058336	0.999998	0.001315	0.001560	-0.000729	-0.076967	0.070462	0.994541	-0.536402	-0.843765	0.018268	0.840445	-0.532068	0.102738
10906		9.607856	0.635577	0.697732	0.138423	0.103689	-0.029397	0.999998	0.001730	0.001296	-0.000367	-0.079186	0.072328	0.994232	-0.533212	-0.845767	0.019059	0.842267	-0.528628	0.105539
10907		9.554718	0.542929	0.634806	0.183632	0.069231	-0.006195	0.999997	0.002295	0.000865	-0.000077	-0.081195	0.073248	0.994003	-0.529020	-0.848390	0.019305	0.844716	-0.524280	0.107635
10908		9.615314	0.579794	0.677216	0.187170	0.044619	0.054087	0.999997	0.002340	0.000558	0.000676	-0.083082	0.072619	0.993893	-0.524858	-0.850993	0.018303	0.847125	-0.520132	0.108817
10909		9.671413	0.368705	0.672800	0.157181	-0.032052	0.099413	0.999997	0.001965	-0.000401	0.001243	-0.083788	0.069925	0.994027	-0.521012	-0.853397	0.016116	0.849427	-0.516550	0.107936
10910		9.622937	0.486695	0.213843	0.146015	-0.112092	0.106353	0.999996	0.001825	-0.001401	0.001329	-0.082803	0.066092	0.994372	-0.517446	-0.855605	0.013780	0.851700	-0.513393	0.105046
10911		9.769087	0.719657	0.612966	0.139674	-0.125191	0.110311	0.999996	0.001746	-0.001565	0.001379	-0.081614	0.062179	0.994723	-0.514466	-0.857435	0.011387	0.853618	-0.510822	0.101967
10912		9.868699	0.297085	0.595628	0.101824	-0.119254	0.123648	0.999997	0.001273	-0.001491	0.001546	-0.080423	0.057984	0.995073	-0.512011	-0.858935	0.008670	0.855206	-0.508791	0.098766
10913		9.853736	-0.045157	0.822833	0.075720	-0.130220	0.107603	0.999997	0.000947	-0.001628	0.001345	-0.078945	0.053922	0.995420	-0.509938	-0.860189	0.006155	0.856581	-0.507116	0.095404
10914		9.733963	0.032710	0.703825	0.050961	-0.147234	0.106822	0.999997	0.000637	-0.001840	0.001335	-0.077037	0.049724	0.995788	-0.508534	-0.861034	0.003654	0.857589	-0.506110	0.091618
10915		9.750600	-0.050203	0.560208	0.024610	-0.156422	0.074243	0.999998	0.000308	-0.001955	0.000928	-0.074481	0.045999	0.996161	-0.507861	-0.861437	0.001806	0.858213	-0.505777	0.087522
10916		9.903865	0.071769	0.467810	0.006230	-0.163052	0.071837	0.999998	0.000078	-0.002038	0.000898	-0.071978	0.042116	0.996517	-0.507260	-0.861793	-0.000217	0.858782	-0.505509	0.083394
10917		9.864930	0.065141	0.546873	-0.065587	-0.144558	0.083791	0.999997	-0.000820	-0.001807	0.001047	-0.069809	0.038319	0.996824	-0.508434	-0.861098	-0.002505	0.858267	-0.506994	0.079595
10918		9.701697	-0.287254	0.692459	-0.095318	-0.160153	0.044932	0.999997	-0.001191	-0.002002	0.000562	-0.066989	0.035358	0.997127	-0.510397	-0.859930	-0.003797	0.857326	-0.509185	0.075652
10919		9.749442	-0.303252	0.530275	-0.107114	-0.152717	0.014066	0.999997	-0.001339	-0.001909	0.000176	-0.063938	0.032979	0.997409	-0.512509	-0.858670	-0.004463	0.856298	-0.511466	0.071804
10920		10.094896	-0.141531	0.488921	-0.143951	-0.056841	-0.004289	0.999998	-0.001799	-0.000711	-0.000054	-0.062651	0.032143	0.997518	-0.515545	-0.856849	-0.004770	0.854569	-0.514564	0.070254
10921		10.280951	-0.112545	0.932644	-0.122336	0.005630	0.002511	0.999999	-0.001529	0.000070	0.000031	-0.062826	0.032257	0.997503	-0.518318	-0.855173	-0.004991	0.852877	-0.517337	0.070446
10922		9.895414	-0.202840	0.641368	-0.126151	-0.048580	0.021466	0.999999	-0.001577	-0.000607	0.000268	-0.061875	0.031002	0.997602	-0.520931	-0.853579	-0.005784	0.851353	-0.520040	0.068965
10923		9.829662	-0.206288	0.533107	-0.114152	0.014679	0.032283	0.999999	-0.001427	0.000183	0.000404	-0.062671	0.030360	0.997572	-0.523284	-0.852130	-0.006941	0.849850	-0.522449	0.069291
10924		10.069303	-0.071922	0.750613	-0.122322	0.054016	0.038826	0.999998	-0.001529	0.000675	0.000485	-0.064275	0.029887	0.997485	-0.525736	-0.850606	-0.008391	0.848216	-0.524953	0.070386
10925		9.857486	-0.048140	0.746823	-0.173222	0.055377	0.033095	0.999997	-0.002165	0.000692	0.000414	-0.066008	0.029841	0.997373	-0.529418	-0.848306	-0.009657	0.845789	-0.528664	0.071794
10926		9.848501	-0.049263	0.763339	-0.191651	0.057131	0.037121	0.999997	-0.002396	0.000714	0.000464	-0.067658	0.029843	0.997262	-0.533436	-0.845770	-0.010881	0.843130	-0.532712	0.073142
10927		9.798630	-0.167078	0.644499	-0.188696	0.026779	0.037368	0.999997	-0.002359	0.000335	0.000467	-0.068758	0.029463	0.997198	-0.537263	-0.843327	-0.012128	0.840607	-0.536592	0.073815
10928		9.660549	-0.222072	0.392168	-0.168237	0.010159	0.009240	0.999998	-0.002103	0.000127	0.000116	-0.068864	0.029276	0.997196	-0.540885	-0.841001	-0.012661	0.838273	-0.540240	0.073750
10929		9.821436	-0.175002	0.485763	-0.134033	0.065516	-0.007019	0.999998	-0.001675	0.000819	-0.000088	-0.070076	0.030092	0.997088	-0.543882	-0.839062	-0.012901	0.836231	-0.543202	0.075164
10930		9.932365	-0.037490	0.609214	-0.150612	0.063926	-0.006783	0.999998	-0.001883	0.000799	-0.000085	-0.071419	0.031167	0.996959	-0.547017	-0.837020	-0.013020	0.834069	-0.546284	0.076828
10931		9.696563	-0.014498	0.714343	-0.165466	0.028472	-0.019600	0.999998	-0.002068	0.000356	-0.000245	-0.071804	0.031700	0.996915	-0.550454	-0.834762	-0.013104	0.831772	-0.549697	0.077388
10932		9.606917	-0.244920	0.738095	-0.143095	0.043948	-0.041838	0.999998	-0.001789	0.000549	-0.000523	-0.072311	0.033041	0.996835	-0.553473	-0.832773	-0.012546	0.829722	-0.552628	0.078506
10933		9.759782	-0.290801	0.689960	-0.073088	0.038652	-0.059503	0.999999	-0.000914	0.000483	-0.000744	-0.072329	0.034743	0.996776	-0.555035	-0.831751	-0.011284	0.828677	-0.554061	0.079443
10934		9.817364	-0.375442	0.576511	0.014351	0.053600	-0.048203	1.000000	0.000179	0.000670	-0.000603	-0.072793	0.036490	0.996679	-0.554752	-0.831955	-0.010057	0.828825	-0.553642	0.080804
10935		9.872500	-0.392142	0.771436	0.105639	0.083782	-0.033318	0.999998	0.001320	0.001047	-0.000416	-0.074169	0.038334	0.996509	-0.552653	-0.833362	-0.009075	0.830104	-0.551397	0.082995
10936		10.156282	0.142746	0.792411	0.146199	0.097606	-0.020707	0.999998	0.001827	0.001220	-0.000259	-0.076025	0.039958	0.996305	-0.549535	-0.835428	-0.008428	0.832004	-0.548145	0.085471
10937		9.978509	0.193447	0.857567	0.104073	0.104765	-0.009290	0.999998	0.001301	0.001310	-0.000116	-0.077979	0.041351	0.996097	-0.547411	-0.836824	-0.008115	0.833223	-0.545908	0.087891
10938		9.770505	-0.092025	0.914603	0.112146	0.114630	-0.012761	0.999998	0.001402	0.001433	-0.000160	-0.080268	0.043146	0.995839	-0.544981	-0.838414	-0.007602	0.834597	-0.543324	0.090811
10939		9.713001	-0.258503	1.172624	0.140630	0.120297	-0.002002	0.999997	0.001758	0.001504	-0.000025	-0.082590	0.044519	0.995589	-0.542082	-0.840293	-0.007394	0.836257	-0.540301	0.093532
10940		9.788484	-0.014258	1.108439	0.173881	0.083237	-0.006484	0.999997	0.002174	0.001040	-0.000081	-0.084339	0.045783	0.995385	-0.538454	-0.842627	-0.006867	0.838424	-0.536548	0.095718
10941		9.750879	0.221349	1.185035	0.142722	0.078027	0.002475	0.999998	0.001784	0.000975	0.000031	-0.086159	0.046535	0.995194	-0.535316	-0.844624	-0.006851	0.840246	-0.533333	0.097683
10942		9.637634	0.076482	1.228166	0.107173	0.050110	-0.013548	0.999999	0.001340	0.000626	-0.000169	-0.087208	0.047284	0.995067	-0.532970	-0.846109	-0.006504	0.841628	-0.530908	0.098988
10943		9.854713	0.122082	1.059259	0.111058	0.044788	-0.014145	0.999999	0.001388	0.000560	-0.000177	-0.088000	0.048165	0.994955	-0.530558	-0.847628	-0.005893	0.843068	-0.528400	0.100145
10944		9.871153	0.033251	1.181667	0.115690	0.050829	0.009572	0.999999	0.001446	0.000635	0.000120	-0.089288	0.048583	0.994820	-0.527965	-0.849245	-0.005913	0.844559	-0.525758	0.101478
10945		9.830948	0.127902	1.076463	0.119689	0.019268	0.015800	0.999999	0.001496	0.000241	0.000197	-0.090074	0.048373	0.994760	-0.525148	-0.850989	-0.006169	0.846231	-0.522951	0.102055
10946		9.814601	0.149150	0.970898	0.099848	0.016197	0.020807	0.999999	0.001248	0.000202	0.000260	-0.090964	0.048107	0.994692	-0.522860	-0.852393	-0.006591	0.847551	-0.520684	0.102691
10947		9.906052	0.135443	0.974733	0.084989	0.037410	0.023929	0.999999	0.001062	0.000468	0.000299	-0.092098	0.047966	0.994594	-0.520941	-0.853563	-0.007074	0.848610	-0.518776	0.103599
10948		9.777939	0.104432	1.179227	0.058483	0.021370	0.036034	1.000000	0.000731	0.000267	0.000450	-0.092913	0.047359	0.994547	-0.519596	-0.854376	-0.007857	0.849345	-0.517493	0.103990
10949		9.666945	0.094755	1.068362	0.047385	-0.013610	0.028887	1.000000	0.000592	-0.000170	0.000361	-0.092918	0.046538	0.994586	-0.518464	-0.855058	-0.008427	0.850036	-0.516440	0.103579
10950		9.746731	0.116789	1.052095	0.022649	-0.012014	0.011868	1.000000	0.000283	-0.000150	0.000148	-0.092775	0.046143	0.994617	-0.517947	-0.855369	-0.008630	0.850366	-0.515960	0.103257
10951		9.906053	0.073354	1.051980	-0.008729	-0.004524	0.009625	1.000000	-0.000109	-0.000057	0.000120	-0.092774	0.045769	0.994635	-0.518181	-0.855224	-0.008979	0.850224	-0.516234	0.103059
10952		9.893018	-0.002205	0.984959	-0.039785	-0.012102	0.006070	1.000000	-0.000497	-0.000151	0.000076	-0.092578	0.045435	0.994668	-0.518980	-0.854736	-0.009260	0.849758	-0.517070	0.102710
10953		9.881691	0.026618	1.034509	-0.049279	-0.004608	0.009891	1.000000	-0.000616	-0.000058	0.000124	-0.092670	0.045053	0.994677	-0.519967	-0.854130	-0.009756	0.849144	-0.518104	0.102578
10954		9.812972	-0.023819	1.051065	-0.078847	-0.027552	0.010263	0.999999	-0.000986	-0.000344	0.000128	-0.092222	0.044465	0.994745	-0.521495	-0.853193	-0.010210	0.848256	-0.519696	0.101872
10955		9.796555	0.028888	1.013553	-0.092103	-0.030057	-0.006265	0.999999	-0.001151	-0.000376	-0.000078	-0.091493	0.044287	0.994820	-0.523451	-0.851995	-0.010213	0.847129	-0.521674	0.101134
10956		9.866188	0.053138	0.968618	-0.122754	-0.006769	-0.008654	0.999999	-0.001534	-0.000085	-0.000108	-0.091229	0.044343	0.994842	-0.525901	-0.850483	-0.010317	0.845639	-0.524130	0.100909
10957		9.884694	-0.065444	1.007424	-0.145249	0.008624	-0.009413	0.999998	-0.001816	0.000108	-0.000118	-0.091449	0.044562	0.994812	-0.528776	-0.848695	-0.010591	0.843820	-0.527001	0.101176
10958		9.886821	-0.080888	0.897935	-0.146839	0.010812	-0.013434	0.999998	-0.001835	0.000135	-0.000168	-0.091570	0.044842	0.994789	-0.531720	-0.846852	-0.010771	0.841956	-0.529935	0.101389
10959		9.850428	-0.184208	0.966858	-0.134604	0.027861	-0.012019	0.999999	-0.001683	0.000348	-0.000150	-0.091882	0.045416	0.994734	-0.534519	-0.845088	-0.010789	0.840147	-0.532695	0.101924
10960		9.811328	-0.146419	0.918760	-0.096947	0.011511	-0.015645	0.999999	-0.001212	0.000144	-0.000196	-0.091848	0.045871	0.994716	-0.536355	-0.843926	-0.010607	0.838980	-0.534495	0.102116
10961		9.858264	-0.016738	0.860237	-0.090969	0.015894	-0.009263	0.999999	-0.001137	0.000199	-0.000116	-0.092250	0.046271	0.994660	-0.538090	-0.842820	-0.010698	0.837824	-0.536203	0.102648
10962		9.846551	-0.073917	0.950098	-0.093581	0.024515	0.001541	0.999999	-0.001170	0.000306	0.000019	-0.092805	0.046399	0.994603	-0.540188	-0.841470	-0.011149	0.836411	-0.538307	0.103157
10963		9.774878	-0.127273	0.949838	-0.079048	0.008738	-0.001151	1.000000	-0.000988	0.000109	-0.000014	-0.093033	0.046415	0.994581	-0.541791	-0.840435	-0.011458	0.835349	-0.539921	0.103336
10964		9.846003	-0.083672	0.949200	-0.061508	0.008960	-0.006691	1.000000	-0.000769	0.000112	-0.000084	-0.093085	0.046624	0.994566	-0.543017	-0.839644	-0.011462	0.834547	-0.541133	0.103475
10965		9.832463	0.022868	1.012063	-0.067020	0.021882	-0.007885	1.000000	-0.000838	0.000274	-0.000099	-0.093471	0.047040	0.994510	-0.544314	-0.838803	-0.011483	0.833658	-0.542399	0.104009
10966		9.789028	0.013677	0.997261	-0.064624	0.010079	-0.006082	1.000000	-0.000808	0.000126	-0.000076	-0.093640	0.047318	0.994481	-0.545619	-0.837955	-0.011505	0.832786	-0.543685	0.104284
10967		9.800202	0.011055	0.975089	-0.063700	0.012893	-0.006123	1.000000	-0.000796	0.000161	-0.000077	-0.093957	0.047688	0.994433	-0.546658	-0.837277	-0.011498	0.832068	-0.544696	0.104737
10968		9.791503	-0.064413	0.942203	-0.052849	0.000314	-0.010722	1.000000	-0.000661	0.000004	-0.000134	-0.093739	0.047794	0.994449	-0.547838	-0.836506	-0.011438	0.831316	-0.545869	0.104597
10969		9.769328	-0.005573	0.995865	-0.054653	0.006555	-0.011564	1.000000	-0.000683	0.000082	-0.000145	-0.093708	0.048109	0.994437	-0.548863	-0.835836	-0.011284	0.830643	-0.546867	0.104730
10970		9.785269	-0.005378	1.009860	-0.037342	-0.014677	-0.008327	1.000000	-0.000467	-0.000183	-0.000104	-0.093325	0.047911	0.994482	-0.549730	-0.835265	-0.011347	0.830113	-0.547756	0.104289
10971		9.860478	0.020578	0.955649	-0.057784	-0.003956	-0.005680	1.000000	-0.000722	-0.000049	-0.000071	-0.093257	0.047969	0.994486	-0.550857	-0.834522	-0.011403	0.829373	-0.548883	0.104249
10972		9.844426	0.009913	1.047083	-0.049874	-0.006379	-0.004590	1.000000	-0.000623	-0.000080	-0.000057	-0.093142	0.047908	0.994500	-0.551925	-0.833814	-0.011524	0.828676	-0.549962	0.104105
10973		9.794869	-0.024391	1.063046	-0.043509	-0.013168	0.004923	1.000000	-0.000544	-0.000165	0.000062	-0.093116	0.047789	0.994508	-0.552481	-0.833443	-0.011679	0.828308	-0.550534	0.104009
10974		9.753508	-0.024843	1.001093	-0.037565	-0.023573	0.008996	1.000000	-0.000470	-0.000295	0.000112	-0.093044	0.047295	0.994538	-0.553027	-0.833075	-0.012122	0.827951	-0.551134	0.103668
10975		9.826836	-0.045122	0.999693	-0.038723	-0.023261	0.003830	1.000000	-0.000484	-0.000291	0.000048	-0.092663	0.046978	0.994589	-0.553602	-0.832692	-0.012247	0.827610	-0.551741	0.103167
10976		9.900372	-0.111440	0.951095	-0.013838	-0.009542	-0.003335	1.000000	-0.000173	-0.000119	-0.000042	-0.092527	0.046902	0.994605	-0.553782	-0.832571	-0.012256	0.827505	-0.551928	0.103009
10977		9.852462	-0.078625	1.054140	-0.000754	-0.003111	-0.001768	1.000000	-0.000009	-0.000039	-0.000022	-0.092477	0.046726	0.994618	-0.553867	-0.832513	-0.012387	0.827453	-0.552032	0.102868
10978		9.840981	-0.009661	1.025231	-0.006824	-0.014471	0.002050	1.000000	-0.000085	-0.000181	0.000026	-0.092164	0.046448	0.994660	-0.553926	-0.832473	-0.012452	0.827449	-0.552115	0.102453
10979		9.813071	0.000670	0.968745	-0.007857	-0.022474	0.001749	1.000000	-0.000098	-0.000281	0.000022	-0.091885	0.045971	0.994708	-0.554037	-0.832395	-0.012709	0.827406	-0.552273	0.101954
10980		9.787597	-0.024661	1.014630	-0.002758	-0.021329	0.002937	1.000000	-0.000034	-0.000267	0.000037	-0.091666	0.045538	0.994748	-0.554036	-0.832392	-0.012949	0.827430	-0.552314	0.101532
10981		9.846867	0.042011	0.983522	-0.007158	-0.027783	0.005965	1.000000	-0.000089	-0.000347	0.000075	-0.091179	0.044946	0.994820	-0.554181	-0.832291	-0.013190	0.827387	-0.552513	0.100795
10982		9.807877	0.012368	0.908541	-0.015243	-0.023358	0.007504	1.000000	-0.000191	-0.000292	0.000094	-0.090914	0.044501	0.994864	-0.554346	-0.832178	-0.013434	0.827306	-0.552721	0.100325
10983		9.828947	-0.009963	0.937220	-0.024584	-0.019529	0.002280	1.000000	-0.000307	-0.000244	0.000029	-0.090675	0.044147	0.994902	-0.554742	-0.831911	-0.013644	0.827067	-0.553150	0.099923
10984		9.793281	-0.048896	0.942420	-0.022806	-0.018334	-0.000903	1.000000	-0.000285	-0.000229	-0.000011	-0.090181	0.043900	0.994957	-0.555173	-0.831623	-0.013627	0.826831	-0.553603	0.099368
10985		9.806392	-0.079676	0.953887	-0.016132	-0.018148	0.000873	1.000000	-0.000202	-0.000227	0.000011	-0.089877	0.043526	0.995001	-0.555444	-0.831440	-0.013801	0.826683	-0.553908	0.098904
10986		9.830226	-0.045749	0.889744	0.006530	-0.009163	0.002617	1.000000	0.000082	-0.000115	0.000033	-0.089792	0.043400	0.995014	-0.555137	-0.831644	-0.013823	0.826898	-0.553610	0.098768
10987		9.791884	-0.054246	0.909309	0.003369	-0.005446	0.002162	1.000000	0.000042	-0.000068	0.000027	-0.089738	0.043306	0.995023	-0.554917	-0.831791	-0.013844	0.827052	-0.553398	0.098675
10988		9.796722	-0.074021	0.926740	-0.001901	-0.007409	0.000320	1.000000	-0.000024	-0.000093	0.000004	-0.089650	0.043224	0.995035	-0.554775	-0.831885	-0.013847	0.827157	-0.553261	0.098558
10989		9.818522	-0.076150	0.926837	-0.002580	-0.010648	-0.002361	1.000000	-0.000032	-0.000133	-0.000030	-0.089500	0.043186	0.995050	-0.554629	-0.831984	-0.013777	0.827270	-0.553117	0.098415
10990		9.824297	-0.056225	0.933457	-0.007682	-0.003995	-0.003283	1.000000	-0.000096	-0.000050	-0.000041	-0.089391	0.043161	0.995061	-0.554710	-0.831930	-0.013747	0.827228	-0.553199	0.098309
10991		9.842584	-0.059521	0.964844	-0.010134	0.004319	-0.005512	1.000000	-0.000127	0.000054	-0.000069	-0.089416	0.043258	0.995055	-0.554926	-0.831786	-0.013706	0.827080	-0.553408	0.098380
10992		9.818580	-0.039418	0.960565	-0.000742	0.000040	-0.005488	1.000000	-0.000009	0.000001	-0.000069	-0.089317	0.043407	0.995057	-0.554873	-0.831825	-0.013520	0.827126	-0.553338	0.098382
10993		9.859208	-0.012819	0.978203	-0.003463	0.012320	-0.003497	1.000000	-0.000043	0.000154	-0.000044	-0.089488	0.043643	0.995031	-0.554867	-0.831831	-0.013417	0.827112	-0.553311	0.098655
10994		9.789055	-0.077993	1.031184	-0.002821	0.010288	-0.002099	1.000000	-0.000035	0.000129	-0.000026	-0.089754	0.043772	0.995002	-0.554878	-0.831823	-0.013459	0.827076	-0.553312	0.098948
10995		9.803417	-0.057796	0.999928	-0.002823	0.005335	0.000888	1.000000	-0.000035	0.000067	0.000011	-0.089928	0.043803	0.994985	-0.554846	-0.831843	-0.013527	0.827078	-0.553280	0.099110
10996		9.833724	-0.046005	0.976779	-0.009396	0.012079	0.000229	1.000000	-0.000117	0.000151	0.000003	-0.090178	0.044023	0.994952	-0.554865	-0.831831	-0.013485	0.827038	-0.553281	0.099440
10997		9.884625	-0.055005	0.987904	-0.010563	0.008524	0.000543	1.000000	-0.000132	0.000107	0.000007	-0.090487	0.044200	0.994916	-0.554883	-0.831818	-0.013512	0.826992	-0.553285	0.099795
10998		9.869317	-0.028805	0.951805	-0.004453	0.018429	0.000255	1.000000	-0.000056	0.000230	0.000003	-0.090829	0.044529	0.994870	-0.554780	-0.831889	-0.013416	0.827024	-0.553153	0.100263
10999		9.733214	-0.112725	1.023833	0.006870	0.017968	-0.001500	1.000000	0.000086	0.000225	-0.000019	-0.091171	0.044768	0.994828	-0.554613	-0.832000	-0.013386	0.827098	-0.552966	0.100684
11000		9.757812	-0.112486	1.000623	0.025825	0.010230	-0.000771	1.000000	0.000323	0.000128	-0.000010	-0.091481	0.044979	0.994790	-0.553985	-0.832420	-0.013307	0.827485	-0.552316	0.101068
11001		9.821097	-0.096856	0.961537	0.019199	0.004641	-0.004744	1.000000	0.000240	0.000058	-0.000059	-0.091650	0.045013	0.994773	-0.553535	-0.832719	-0.013318	0.827768	-0.551863	0.101235
11002		9.837891	-0.077378	0.946376	0.028392	0.007035	-0.009396	1.000000	0.000355	0.000088	-0.000117	-0.091687	0.045198	0.994762	-0.553019	-0.833066	-0.013120	0.828109	-0.551325	0.101376
11003		9.859146	-0.049674	0.978675	0.024754	0.008631	-0.007586	1.000000	0.000309	0.000108	-0.000095	-0.091933	0.045461	0.994727	-0.552466	-0.833434	-0.012970	0.828450	-0.550746	0.101736
11004		9.854240	-0.014172	0.975255	0.024375	0.004595	-0.006970	1.000000	0.000305	0.000057	-0.000087	-0.092063	0.045689	0.994704	-0.551810	-0.833872	-0.012770	0.828873	-0.550064	0.101981
11005		9.774995	-0.065898	0.960792	0.021229	0.006507	-0.008160	1.000000	0.000265	0.000081	-0.000102	-0.092246	0.045902	0.994678	-0.551399	-0.834146	-0.012643	0.829126	-0.549630	0.102257
11006		9.862078	-0.033956	0.961143	0.019180	0.005354	-0.006493	1.000000	0.000240	0.000067	-0.000081	-0.092282	0.046051	0.994667	-0.550981	-0.834424	-0.012486	0.829400	-0.549195	0.102376
11007		9.845680	0.009895	0.990210	0.004923	0.012020	-0.004735	1.000000	0.000062	0.000150	-0.000059	-0.092508	0.046353	0.994632	-0.550803	-0.834544	-0.012336	0.829493	-0.548988	0.102733
11008		9.835660	-0.069396	1.004193	-0.009589	0.016939	-0.005237	1.000000	-0.000120	0.000212	-0.000065	-0.092792	0.046668	0.994591	-0.550918	-0.834470	-0.012244	0.829385	-0.549074	0.103142
11009		9.813755	-0.072509	0.998607	-0.009576	0.014078	-0.008469	1.000000	-0.000120	0.000176	-0.000106	-0.092988	0.046931	0.994561	-0.551150	-0.834317	-0.012161	0.829208	-0.549283	0.103448
11010		9.789528	-0.059208	0.989844	-0.022334	0.012106	-0.005447	1.000000	-0.000279	0.000151	-0.000068	-0.093135	0.047169	0.994536	-0.551574	-0.834038	-0.012096	0.828910	-0.549686	0.103695
11011		9.841702	-0.069255	0.948149	-0.019982	0.004667	-0.004063	1.000000	-0.000250	0.000058	-0.000051	-0.093291	0.047384	0.994511	-0.551795	-0.833893	-0.012030	0.828745	-0.549889	0.103941
11012		9.841520	-0.055063	0.962716	-0.017420	0.000446	-0.003961	1.000000	-0.000218	0.000006	-0.000050	-0.093249	0.047442	0.994512	-0.552110	-0.833685	-0.011998	0.828540	-0.550199	0.103934
11013		9.831379	-0.054590	0.934951	-0.013736	-0.002632	-0.002221	1.000000	-0.000172	-0.000033	-0.000028	-0.093289	0.047403	0.994510	-0.552378	-0.833506	-0.012086	0.828357	-0.550473	0.103942
11014		9.823597	-0.063759	0.916377	-0.010464	-0.002263	-0.003891	1.000000	-0.000131	-0.000028	-0.000049	-0.093213	0.047412	0.994517	-0.552531	-0.833405	-0.012056	0.828263	-0.550625	0.103881
11015		9.798734	-0.069109	0.935087	-0.006203	-0.005153	-0.006063	1.000000	-0.000078	-0.000064	-0.000076	-0.093110	0.047419	0.994526	-0.552613	-0.833352	-0.012003	0.828221	-0.550705	0.103798
11016		9.809043	-0.067697	0.961313	-0.002579	-0.004959	-0.007127	1.000000	-0.000032	-0.000062	-0.000089	-0.092890	0.047527	0.994541	-0.552541	-0.833403	-0.011781	0.828294	-0.550619	0.103676
11017		9.831648	-0.036167	0.944998	-0.000859	-0.004369	-0.007627	1.000000	-0.000011	-0.000055	-0.000095	-0.092810	0.047570	0.994547	-0.552496	-0.833433	-0.011695	0.828332	-0.550569	0.103633
11018		9.820377	-0.039171	0.962462	-0.008083	-0.000557	-0.006709	1.000000	-0.000101	-0.000007	-0.000084	-0.092716	0.047658	0.994551	-0.552636	-0.833342	-0.011586	0.828249	-0.550699	0.103601
11019		9.806987	-0.059587	0.942924	-0.010093	-0.000360	-0.009498	1.000000	-0.000126	-0.000005	-0.000119	-0.092768	0.047811	0.994539	-0.552808	-0.833229	-0.011509	0.828129	-0.550857	0.103727
11020		9.814983	-0.061735	0.946815	-0.007399	-0.000175	-0.007261	1.000000	-0.000092	-0.000002	-0.000091	-0.092863	0.048072	0.994518	-0.552784	-0.833247	-0.011339	0.828134	-0.550806	0.103952
11021		9.826104	-0.042055	0.943585	-0.009215	0.007151	-0.005583	1.000000	-0.000115	0.000089	-0.000070	-0.093100	0.048299	0.994485	-0.552856	-0.833200	-0.011291	0.828060	-0.550858	0.104273
11022		9.871694	-0.068252	0.944756	-0.000835	-0.000165	-0.008837	1.000000	-0.000010	-0.000002	-0.000110	-0.093021	0.048413	0.994486	-0.552822	-0.833225	-0.011147	0.828091	-0.550811	0.104272
11023		9.861797	0.013417	0.949538	-0.000477	0.006716	-0.006202	1.000000	-0.000006	0.000084	-0.000078	-0.093147	0.048561	0.994467	-0.552752	-0.833272	-0.011084	0.828124	-0.550726	0.104459
11024		9.754415	-0.054675	0.976565	-0.007808	0.005383	-0.005658	1.000000	-0.000098	0.000067	-0.000071	-0.093297	0.048701	0.994447	-0.552879	-0.833188	-0.011066	0.828022	-0.550841	0.104660
11025		9.770433	-0.074964	0.971525	0.005548	0.002951	-0.005342	1.000000	0.000069	0.000037	-0.000067	-0.093234	0.048853	0.994445	-0.552697	-0.833311	-0.010881	0.828151	-0.550641	0.104694
11026		9.835895	-0.034718	0.975311	-0.002509	-0.002233	-0.004803	1.000000	-0.000031	-0.000028	-0.000060	-0.093285	0.048764	0.994445	-0.552753	-0.833273	-0.010991	0.828108	-0.550707	0.104687
11027		9.828235	-0.043417	0.955715	-0.003504	-0.010973	-0.003352	1.000000	-0.000044	-0.000137	-0.000042	-0.093176	0.048709	0.994457	-0.552724	-0.833292	-0.010973	0.828139	-0.550683	0.104566
11028		9.832788	-0.028093	1.007397	-0.001557	-0.007900	-0.003359	1.000000	-0.000019	-0.000099	-0.000042	-0.093045	0.048617	0.994474	-0.552686	-0.833317	-0.010972	0.828179	-0.550653	0.104406
11029		9.845570	-0.031504	0.928242	0.000308	-0.004702	-0.002452	1.000000	0.000004	-0.000059	-0.000031	-0.092965	0.048560	0.994484	-0.552566	-0.833397	-0.010960	0.828269	-0.550537	0.104309
11030		9.803949	-0.068379	0.950124	-0.001678	0.001815	-0.001445	1.000000	-0.000021	0.000023	-0.000018	-0.092876	0.048660	0.994488	-0.552538	-0.833417	-0.010823	0.828297	-0.550498	0.104291
11031		9.816152	-0.050312	1.015476	0.002896	0.001289	-0.004045	1.000000	0.000036	0.000016	-0.000051	-0.092893	0.048691	0.994485	-0.552422	-0.833494	-0.010792	0.828372	-0.550378	0.104324
11032		9.820473	-0.022037	0.962028	0.003952	-0.000298	-0.004728	1.000000	0.000049	-0.000004	-0.000059	-0.092854	0.048808	0.994483	-0.552288	-0.833586	-0.010656	0.828466	-0.550230	0.104358
11033		9.830949	-0.048317	0.961772	-0.003089	0.002519	-0.003871	1.000000	-0.000039	0.000031	-0.000048	-0.092821	0.048864	0.994483	-0.552307	-0.833573	-0.010592	0.828457	-0.550243	0.104361
11034		9.824201	-0.045575	0.905150	-0.001700	-0.003448	-0.002737	1.000000	-0.000021	-0.000043	-0.000034	-0.092751	0.048861	0.994490	-0.552262	-0.833604	-0.010550	0.828495	-0.550197	0.104302
11035		9.803972	-0.064307	0.950170	0.001056	-0.001587	-0.000683	1.000000	0.000013	-0.000020	-0.000009	-0.092763	0.048869	0.994488	-0.552159	-0.833672	-0.010537	0.828562	-0.550093	0.104317
11036		9.812037	-0.067825	0.953337	0.008966	-0.005005	-0.002157	1.000000	0.000112	-0.000063	-0.000027	-0.092752	0.048729	0.994496	-0.551961	-0.833802	-0.010623	0.828695	-0.549909	0.104233
11037		9.836797	-0.033717	0.960217	0.009880	-0.007081	0.000758	1.000000	0.000123	-0.000089	0.000009	-0.092576	0.048591	0.994519	-0.551725	-0.833959	-0.010611	0.828873	-0.549683	0.104013
11038		9.831363	-0.039540	0.963839	0.006878	-0.008569	0.001452	1.000000	0.000086	-0.000107	0.000018	-0.092461	0.048440	0.994537	-0.551484	-0.834117	-0.010644	0.829045	-0.549456	0.103837
11039		9.793043	-0.048062	0.982969	0.002902	-0.008594	0.001912	1.000000	0.000036	-0.000107	0.000024	-0.092354	0.048282	0.994555	-0.551322	-0.834224	-0.010697	0.829165	-0.549308	0.103663
11040		9.818302	-0.055697	0.947321	0.000210	-0.007724	0.002181	1.000000	0.000003	-0.000097	0.000027	-0.092326	0.048124	0.994565	-0.551226	-0.834286	-0.010802	0.829232	-0.549228	0.103553
11041		9.850483	-0.072007	0.960771	0.001038	-0.011796	0.001010	1.000000	0.000013	-0.000147	0.000013	-0.092106	0.047924	0.994595	-0.551119	-0.834356	-0.010834	0.829328	-0.549138	0.103261
11042		9.824389	-0.043687	0.943123	-0.001261	-0.014697	0.000417	1.000000	-0.000016	-0.000184	0.000005	-0.091873	0.047610	0.994632	-0.551088	-0.834375	-0.010965	0.829374	-0.549137	0.102893
11043		9.822326	-0.041022	0.924046	-0.013232	-0.006232	0.000292	1.000000	-0.000165	-0.000078	0.000004	-0.091762	0.047400	0.994652	-0.551336	-0.834209	-0.011110	0.829221	-0.549407	0.102682
11044		9.836291	-0.059687	0.899704	-0.009509	-0.007956	-0.002425	1.000000	-0.000119	-0.000099	-0.000030	-0.091702	0.047258	0.994665	-0.551492	-0.834105	-0.011215	0.829124	-0.549578	0.102551
11045		9.788808	-0.061728	0.968297	-0.015638	-0.002271	-0.001627	1.000000	-0.000195	-0.000028	-0.000020	-0.091704	0.047303	0.994662	-0.551712	-0.833960	-0.011205	0.828978	-0.549794	0.102575
11046		9.835931	-0.111815	0.893725	-0.000332	-0.007626	-0.000863	1.000000	-0.000004	-0.000095	-0.000011	-0.091537	0.047045	0.994690	-0.551742	-0.833938	-0.011333	0.828977	-0.549849	0.102293
11047		9.861989	-0.085243	0.962601	0.009293	-0.004447	-0.003326	1.000000	0.000116	-0.000056	-0.000042	-0.091391	0.046997	0.994705	-0.551525	-0.834082	-0.011265	0.829137	-0.549635	0.102148
11048		9.869124	-0.007982	0.928685	0.003602	0.001999	-0.000336	1.000000	0.000045	0.000025	-0.000004	-0.091496	0.046996	0.994696	-0.551358	-0.834192	-0.011304	0.829236	-0.549468	0.102237
11049		9.791647	-0.097347	0.947880	-0.005199	0.006758	-0.000002	1.000000	-0.000065	0.000084	-0.000000	-0.091612	0.047099	0.994680	-0.551352	-0.834196	-0.011281	0.829227	-0.549453	0.102391
