// Start Time: Unknown
// Update Rate: 40.0Hz
// Filter Profile: human (46.1)
// Firmware Version: 4.3.4
PacketCounter	SampleTimeFine	Acc_X	Acc_Y	Acc_Z	Gyr_X	Gyr_Y	Gyr_Z	OriInc_q0	OriInc_q1	OriInc_q2	OriInc_q3	Mat[1][1]	Mat[2][1]	Mat[3][1]	Mat[1][2]	Mat[2][2]	Mat[3][2]	Mat[1][3]	Mat[2][3]	Mat[3][3]
10839		8.159805	-2.673411	4.943489	0.178380	0.007771	0.106333	0.999997	0.002230	0.000097	0.001329	0.298807	0.481447	0.823968	-0.540209	0.797095	-0.269841	-0.786695	-0.364484	0.498260
10840		8.399591	-2.366687	5.179438	0.056675	-0.039339	0.113295	0.999999	0.000708	-0.000492	0.001416	0.296501	0.483343	0.823691	-0.542166	0.795211	-0.271469	-0.786221	-0.366087	0.497833
10841		8.933006	-2.963096	5.202046	-0.088489	-0.104680	0.052123	0.999998	-0.001106	-0.001309	0.000652	0.293707	0.483312	0.824709	-0.540853	0.795402	-0.273521	-0.788172	-0.365711	0.495016
10842		8.926894	-3.341119	5.175038	0.078533	-0.147552	0.029408	0.999998	0.000982	-0.001844	0.000368	0.290351	0.482393	0.826434	-0.542671	0.794341	-0.273003	-0.788165	-0.369215	0.492418
10843		8.611748	-2.859453	5.233421	0.178140	-0.169218	0.060131	0.999995	0.002227	-0.002115	0.000752	0.286117	0.481919	0.828186	-0.546644	0.791961	-0.271988	-0.786967	-0.374902	0.490031
10844		8.347078	-2.962689	5.088694	0.024443	-0.183749	0.093277	0.999997	0.000306	-0.002297	0.001166	0.281163	0.481979	0.829845	-0.547814	0.790603	-0.273580	-0.787938	-0.377681	0.486323
10845		8.355759	-3.323556	4.565689	-0.021408	-0.198102	0.082410	0.999996	-0.000268	-0.002476	0.001030	0.276065	0.481703	0.831715	-0.548006	0.789794	-0.275528	-0.789606	-0.379721	0.482011
10846		8.151551	-3.468712	4.147647	0.172079	-0.222057	0.057494	0.999994	0.002151	-0.002776	0.000719	0.270683	0.480712	0.834054	-0.551816	0.787410	-0.274743	-0.788815	-0.385876	0.478403
10847		7.974814	-3.271011	4.229010	0.361978	-0.274430	0.029726	0.999984	0.004525	-0.003430	0.000372	0.264413	0.478676	0.837231	-0.559111	0.783434	-0.271340	-0.785799	-0.396360	0.474783
10848		8.024921	-3.186120	4.527105	0.386951	-0.333236	-0.006380	0.999980	0.004837	-0.004165	-0.000080	0.257407	0.475504	0.841212	-0.566534	0.779494	-0.267261	-0.782803	-0.407780	0.470037
10849		8.122132	-3.323811	4.577034	0.338359	-0.362701	-0.053447	0.999981	0.004229	-0.004534	-0.000668	0.250389	0.471068	0.845814	-0.572728	0.776448	-0.262889	-0.780569	-0.418597	0.464207
10850		8.111786	-3.523827	4.519494	0.420737	-0.367399	-0.084450	0.999975	0.005259	-0.004592	-0.001056	0.243716	0.466109	0.850497	-0.580283	0.772733	-0.257207	-0.777093	-0.430843	0.458803
10851		8.346843	-3.437165	4.628188	0.520099	-0.381070	-0.118374	0.999966	0.006501	-0.004763	-0.001480	0.237083	0.460476	0.855426	-0.589550	0.768054	-0.250049	-0.772155	-0.445033	0.453566
10852		8.509799	-3.514295	4.640276	0.508877	-0.397448	-0.178129	0.999965	0.006361	-0.004968	-0.002227	0.231017	0.453563	0.860762	-0.598274	0.763890	-0.241950	-0.767267	-0.459077	0.447827
10853		8.613402	-3.745395	4.425673	0.558515	-0.414059	-0.268512	0.999957	0.006981	-0.005176	-0.003356	0.226043	0.444832	0.866619	-0.607377	0.759896	-0.231628	-0.761576	-0.474006	0.441950
10854		8.832130	-3.542333	4.448644	0.688477	-0.441318	-0.329553	0.999939	0.008606	-0.005516	-0.004119	0.221285	0.434763	0.872934	-0.618579	0.754582	-0.219011	-0.753919	-0.491515	0.435913
10855		9.023269	-3.148334	4.542789	0.740826	-0.476608	-0.334342	0.999931	0.009260	-0.005957	-0.004179	0.216052	0.424121	0.879456	-0.630712	0.748208	-0.205882	-0.745335	-0.510203	0.429150
10856		8.703899	-2.964551	4.627070	0.784112	-0.480557	-0.327118	0.999926	0.009801	-0.006007	-0.004089	0.210716	0.413625	0.885727	-0.643421	0.740815	-0.192882	-0.735941	-0.529252	0.422236
10857		8.111515	-2.365736	4.452092	0.796346	-0.475789	-0.307180	0.999925	0.009954	-0.005947	-0.003840	0.205415	0.403417	0.891661	-0.656476	0.732513	-0.180178	-0.725840	-0.548343	0.415303
10858		8.429123	-1.610629	3.858893	0.686695	-0.474922	-0.313052	0.999938	0.008584	-0.005936	-0.003913	0.200383	0.393116	0.897389	-0.667833	0.724994	-0.168472	-0.716830	-0.565547	0.407812
10859		10.011890	-1.061479	2.601217	0.540018	-0.413073	-0.426876	0.999950	0.006750	-0.005163	-0.005336	0.198837	0.381341	0.902797	-0.675618	0.720645	-0.155599	-0.709933	-0.579007	0.400932
10860		11.090519	-0.874854	1.858237	0.632541	-0.369157	-0.506250	0.999938	0.007907	-0.004614	-0.006328	0.199631	0.367662	0.908280	-0.684554	0.715550	-0.139189	-0.701094	-0.593980	0.394531
10861		11.344337	-0.160327	2.093475	0.638999	-0.387314	-0.460501	0.999940	0.007987	-0.004841	-0.005756	0.198812	0.353839	0.913932	-0.693964	0.709311	-0.123656	-0.692017	-0.609652	0.386571
10862		10.777214	0.200466	2.131616	0.474178	-0.376848	-0.311223	0.999964	0.005927	-0.004711	-0.003890	0.196094	0.341778	0.919095	-0.700536	0.704681	-0.112582	-0.686146	-0.621782	0.377611
10863		10.424843	0.607932	2.110050	0.136131	-0.369974	-0.111185	0.999987	0.001702	-0.004625	-0.001390	0.189925	0.332649	0.923728	-0.702407	0.703398	-0.108885	-0.685969	-0.628153	0.367248
10864		10.459556	0.150650	1.746706	-0.195173	-0.346287	-0.012220	0.999988	-0.002440	-0.004329	-0.000153	0.182764	0.324885	0.927926	-0.698536	0.707074	-0.109977	-0.691842	-0.628090	0.356171
10865		9.903097	-0.531477	1.417161	-0.263166	-0.265068	0.012621	0.999989	-0.003290	-0.003313	0.000158	0.176569	0.318391	0.931370	-0.693675	0.711567	-0.111743	-0.698311	-0.626338	0.346501
10866		8.807763	-0.934391	1.066315	-0.221874	-0.182703	0.051537	0.999993	-0.002773	-0.002284	0.000644	0.170974	0.313613	0.934031	-0.689402	0.715354	-0.113994	-0.703913	-0.624433	0.338513
10867		8.513596	-1.263983	0.457668	-0.207754	-0.084229	0.023307	0.999996	-0.002597	-0.001053	0.000291	0.167862	0.309743	0.935885	-0.684633	0.719695	-0.115395	-0.709295	-0.621368	0.332870
10868		9.114083	-1.658012	0.111883	-0.008854	-0.051430	-0.036578	1.000000	-0.000111	-0.000643	-0.000457	0.165695	0.305167	0.937773	-0.682992	0.721459	-0.114097	-0.711384	-0.621586	0.327969
10869		10.280736	-1.395094	0.363914	0.310956	-0.082510	-0.107187	0.999991	0.003887	-0.001031	-0.001340	0.163635	0.298787	0.940186	-0.686941	0.718524	-0.108785	-0.708050	-0.628052	0.322825
10870		10.513337	-0.991815	1.059009	0.466923	-0.138550	-0.123890	0.999980	0.005836	-0.001732	-0.001549	0.161216	0.291322	0.942943	-0.693358	0.713360	-0.101848	-0.702328	-0.637377	0.316995
10871		10.169609	-1.054181	1.461270	0.356774	-0.158862	-0.115040	0.999987	0.004460	-0.001986	-0.001438	0.157745	0.283404	0.945938	-0.698047	0.709563	-0.096180	-0.698460	-0.645137	0.309759
10872		10.070486	-1.263947	1.557974	0.256308	-0.107521	-0.112774	0.999993	0.003204	-0.001344	-0.001410	0.155198	0.276476	0.948406	-0.700809	0.707449	-0.091552	-0.696261	-0.650443	0.303552
10873		10.072082	-1.304278	1.513312	0.234859	-0.068168	-0.126794	0.999994	0.002936	-0.000852	-0.001585	0.154001	0.270013	0.950461	-0.702752	0.706128	-0.086736	-0.694567	-0.654581	0.298497
10874		9.602878	-1.402194	1.547035	0.268399	0.007450	-0.114731	0.999993	0.003355	0.000093	-0.001434	0.153592	0.265164	0.951892	-0.705568	0.703856	-0.082224	-0.691797	-0.658995	0.295198
10875		9.378051	-1.213724	1.591161	0.349278	0.025375	-0.109727	0.999989	0.004366	0.000317	-0.001372	0.153826	0.260801	0.953058	-0.709258	0.700702	-0.077268	-0.687961	-0.664078	0.292762
10876		9.540826	-0.929869	1.411627	0.291649	0.001662	-0.123945	0.999992	0.003646	0.000021	-0.001549	0.154180	0.256140	0.954265	-0.712192	0.698246	-0.072352	-0.684844	-0.668465	0.290076
10877		9.544286	-1.329607	1.180290	0.341707	-0.003805	-0.210040	0.999987	0.004271	-0.000048	-0.002625	0.155403	0.249822	0.955740	-0.716513	0.694535	-0.065041	-0.680044	-0.674692	0.286933
10878		9.749624	-1.085508	1.458216	0.589752	-0.034606	-0.279403	0.999967	0.007372	-0.000433	-0.003492	0.157673	0.241767	0.957438	-0.723366	0.688297	-0.054679	-0.672221	-0.683956	0.283412
10879		10.183646	-0.519010	1.925715	0.601433	-0.059134	-0.254009	0.999966	0.007518	-0.000739	-0.003175	0.159478	0.234333	0.958986	-0.731090	0.680810	-0.044780	-0.663381	-0.693964	0.279893
10880		9.831808	-0.851379	2.205261	0.500265	-0.060560	-0.218195	0.999976	0.006253	-0.000757	-0.002727	0.160379	0.227385	0.960507	-0.737580	0.674274	-0.036468	-0.655937	-0.702603	0.275854
10881		9.089037	-0.586647	2.287392	0.524063	-0.026363	-0.111838	0.999978	0.006551	-0.000330	-0.001398	0.160100	0.222888	0.961608	-0.744567	0.666846	-0.030602	-0.648065	-0.711081	0.272717
10882		9.299941	-0.011755	2.528175	0.446182	-0.022203	-0.013146	0.999984	0.005577	-0.000278	-0.000164	0.158292	0.220399	0.962480	-0.750412	0.660385	-0.027807	-0.641736	-0.717855	0.269923
10883		10.505932	0.160743	2.541954	0.208929	-0.051191	-0.033861	0.999996	0.002612	-0.000640	-0.000423	0.157129	0.217230	0.963391	-0.751789	0.658893	-0.025953	-0.640409	-0.720188	0.266842
10884		10.737730	-0.426739	2.323099	0.125417	-0.058265	-0.081257	0.999998	0.001568	-0.000728	-0.001016	0.157005	0.213173	0.964317	-0.751730	0.659059	-0.023300	-0.640509	-0.721248	0.263724
10885		9.953757	-0.555462	2.295608	0.305481	-0.060140	-0.038956	0.999992	0.003819	-0.000752	-0.000487	0.156056	0.209890	0.965191	-0.754788	0.655647	-0.020539	-0.637135	-0.725309	0.260740
10886		9.674523	0.085723	2.717636	0.412750	-0.073697	0.055152	0.999986	0.005159	-0.000921	0.000689	0.152352	0.207627	0.966271	-0.759696	0.649975	-0.019882	-0.632180	-0.731043	0.256758
10887		9.712980	0.475913	2.847561	0.214158	-0.109270	0.135517	0.999994	0.002677	-0.001366	0.001694	0.146816	0.206466	0.967376	-0.762587	0.646504	-0.022247	-0.630005	-0.734442	0.252365
10888		9.734622	0.356026	2.709110	0.002233	-0.109242	0.199388	0.999996	0.000028	-0.001366	0.002492	0.140324	0.206284	0.968378	-0.762215	0.646748	-0.027320	-0.631932	-0.734278	0.247987
10889		9.662214	0.072094	2.662035	-0.136945	-0.079429	0.255109	0.999993	-0.001712	-0.000993	0.003189	0.133653	0.207645	0.969031	-0.759414	0.649694	-0.034475	-0.636732	-0.731288	0.244522
10890		9.667606	-0.489283	2.526225	-0.175406	-0.061957	0.254635	0.999992	-0.002193	-0.000774	0.003183	0.127436	0.209546	0.969459	-0.756537	0.652625	-0.041616	-0.641413	-0.728129	0.241697
10891		9.728938	-0.561192	2.469960	-0.112839	-0.054995	0.222125	0.999995	-0.001410	-0.000687	0.002777	0.121989	0.211073	0.969828	-0.754478	0.654599	-0.047566	-0.644888	-0.725912	0.239104
10892		9.801526	-0.550588	2.545594	-0.091874	-0.080530	0.197813	0.999996	-0.001148	-0.001007	0.002473	0.116406	0.211835	0.970348	-0.752533	0.656416	-0.053025	-0.648185	-0.724047	0.235824
10893		9.770146	-0.727392	2.522438	-0.115018	-0.089931	0.180861	0.999996	-0.001438	-0.001124	0.002261	0.110879	0.212211	0.970913	-0.750725	0.658056	-0.058097	-0.651244	-0.722447	0.232277
10894		9.776868	-0.870642	2.438158	-0.127235	-0.061725	0.152569	0.999997	-0.001590	-0.000772	0.001907	0.106558	0.212759	0.971277	-0.748146	0.660573	-0.062620	-0.654922	-0.719984	0.229564
10895		9.755557	-0.955437	2.372952	-0.064996	-0.052695	0.137316	0.999998	-0.000812	-0.000659	0.001716	0.103255	0.213437	0.971485	-0.746275	0.662338	-0.066199	-0.657580	-0.718159	0.227673
10896		9.667055	-0.846935	2.445797	-0.065478	-0.047502	0.122327	0.999998	-0.000818	-0.000594	0.001529	0.099537	0.213897	0.971772	-0.745034	0.663374	-0.069703	-0.659557	-0.717065	0.225391
10897		9.719343	-0.824204	2.371157	-0.094143	-0.041701	0.107264	0.999998	-0.001177	-0.000521	0.001341	0.096428	0.214304	0.971996	-0.742924	0.665383	-0.073000	-0.662394	-0.715080	0.223373
10898		9.802728	-0.921078	2.352679	-0.109560	-0.032602	0.084472	0.999998	-0.001370	-0.000408	0.001056	0.094029	0.214481	0.972192	-0.740844	0.667411	-0.075589	-0.665063	-0.713134	0.221653
10899		9.705080	-0.976252	2.413080	-0.074448	-0.032213	0.072562	0.999999	-0.000931	-0.000403	0.000907	0.091665	0.214538	0.972405	-0.739365	0.668789	-0.077855	-0.667036	-0.711825	0.219926
10900		9.585684	-0.899002	2.576926	-0.049876	-0.026866	0.060759	0.999999	-0.000623	-0.000336	0.000759	0.090026	0.214768	0.972507	-0.737552	0.670558	-0.079810	-0.669263	-0.710089	0.218771
10901		9.414129	-0.947489	2.607654	-0.127586	-0.007820	0.037254	0.999999	-0.001595	-0.000098	0.000466	0.089381	0.214862	0.972546	-0.734710	0.673495	-0.081271	-0.672467	-0.707275	0.218059
10902		9.483192	-0.955092	2.535284	-0.172741	-0.007052	0.013549	0.999998	-0.002159	-0.000088	0.000169	0.088773	0.214507	0.972680	-0.731526	0.676805	-0.082494	-0.676010	-0.704217	0.216999
10903		9.748257	-1.133127	2.485411	-0.174529	-0.006773	-0.018613	0.999998	-0.002182	-0.000085	-0.000233	0.088545	0.213814	0.972853	-0.728018	0.680479	-0.083295	-0.679816	-0.700879	0.215914
10904		9.846774	-1.242209	2.466731	-0.080760	-0.028189	-0.027546	0.999999	-0.001010	-0.000352	-0.000344	0.088342	0.212649	0.973127	-0.726029	0.682605	-0.083254	-0.681965	-0.699164	0.214693
10905		9.700714	-0.981501	2.593750	-0.005370	-0.038173	-0.020081	1.000000	-0.000067	-0.000477	-0.000251	0.088206	0.211336	0.973425	-0.725408	0.683342	-0.082625	-0.682644	-0.698842	0.213579
10906		9.438848	-0.907338	2.717757	-0.062597	-0.053134	-0.023429	0.999999	-0.000782	-0.000664	-0.000293	0.087637	0.209630	0.973845	-0.724099	0.684774	-0.082243	-0.684105	-0.697953	0.211805
10907		9.444202	-1.093983	2.620977	-0.186210	-0.059969	-0.064261	0.999997	-0.002328	-0.000750	-0.000803	0.087571	0.207420	0.974325	-0.720308	0.688803	-0.081896	-0.688104	-0.694642	0.209725
10908		9.525643	-1.423096	2.413320	-0.134795	-0.055978	-0.101641	0.999998	-0.001685	-0.000700	-0.001271	0.088181	0.204774	0.974829	-0.717270	0.692129	-0.080507	-0.691193	-0.692116	0.207911
10909		9.624716	-1.220878	2.472302	-0.039844	-0.075248	-0.147678	0.999998	-0.000498	-0.000941	-0.001846	0.089806	0.200878	0.975491	-0.715649	0.694195	-0.077068	-0.692663	-0.691188	0.206101
10910		9.612209	-1.105251	2.388048	-0.033931	-0.088396	-0.190810	0.999996	-0.000424	-0.001105	-0.002385	0.091755	0.195959	0.976310	-0.714226	0.696140	-0.072601	-0.693875	-0.690644	0.203833
10911		9.749285	-1.130028	2.181489	-0.088550	-0.071972	-0.234284	0.999995	-0.001107	-0.000900	-0.002929	0.094913	0.190615	0.977066	-0.711637	0.699316	-0.067300	-0.696106	-0.688929	0.202023
10912		9.802420	-1.292734	1.943524	-0.004671	-0.038476	-0.269727	0.999994	-0.000058	-0.000481	-0.003372	0.098895	0.185256	0.977701	-0.710674	0.700879	-0.060918	-0.696536	-0.688802	0.200970
10913		9.784013	-0.901666	1.988350	0.144771	-0.004420	-0.282385	0.999992	0.001810	-0.000055	-0.003530	0.103463	0.180162	0.978180	-0.712459	0.699671	-0.053509	-0.694045	-0.691377	0.200748
10914		9.780678	-0.499277	2.135690	0.166472	0.004063	-0.252287	0.999993	0.002081	0.000051	-0.003154	0.107969	0.175764	0.978494	-0.714447	0.698138	-0.046570	-0.691309	-0.694054	0.200951
10915		9.620700	-0.383876	2.134253	0.087976	-0.002115	-0.217399	0.999996	0.001100	-0.000026	-0.002717	0.111709	0.172147	0.978717	-0.715105	0.697807	-0.041117	-0.690034	-0.695292	0.201054
10916		9.634755	-0.370369	1.982962	0.057981	0.005836	-0.196327	0.999997	0.000725	0.000073	-0.002454	0.115210	0.169038	0.978853	-0.715289	0.697884	-0.036329	-0.689267	-0.695977	0.201314
10917		9.745489	-0.414902	1.844589	0.123156	0.051111	-0.184484	0.999996	0.001539	0.000639	-0.002306	0.119211	0.166793	0.978759	-0.716671	0.696702	-0.031438	-0.687147	-0.697701	0.202590
10918		9.631894	-0.215584	1.956942	0.257919	0.046751	-0.152334	0.999993	0.003224	0.000584	-0.001904	0.122745	0.165010	0.978624	-0.720352	0.693102	-0.026516	-0.682661	-0.701699	0.203940
10919		9.418023	0.263165	2.290651	0.190574	0.036542	-0.145355	0.999995	0.002382	0.000457	-0.001817	0.125402	0.163219	0.978588	-0.723267	0.690204	-0.022435	-0.679087	-0.704967	0.204604
10920		9.521749	0.238208	2.251054	0.013719	0.046419	-0.098892	0.999999	0.000171	0.000580	-0.001236	0.127852	0.162418	0.978404	-0.722961	0.690594	-0.020169	-0.678956	-0.704769	0.205716
10921		9.805043	0.088443	2.113152	-0.042829	0.057600	-0.058716	0.999999	-0.000535	0.000720	-0.000734	0.129865	0.162338	0.978152	-0.721842	0.691798	-0.018978	-0.679764	-0.703607	0.207023
10922		10.099097	-0.059523	2.132558	0.065374	0.050145	-0.056142	0.999999	0.000817	0.000627	-0.000702	0.131859	0.162197	0.977909	-0.722463	0.691195	-0.017227	-0.678720	-0.704231	0.208322
10923		9.952203	0.132293	2.364140	0.043776	0.023676	-0.067560	0.999999	0.000547	0.000296	-0.000845	0.133332	0.161540	0.977818	-0.722840	0.690840	-0.015566	-0.678030	-0.704730	0.208878
10924		9.771721	-0.048951	2.277575	-0.063446	-0.000134	-0.071550	0.999999	-0.000793	-0.000002	-0.000894	0.134600	0.160416	0.977829	-0.721322	0.692452	-0.014308	-0.679395	-0.703404	0.208916
10925		9.651807	-0.204692	2.100309	0.017049	0.015997	-0.038743	1.000000	0.000213	0.000200	-0.000484	0.135578	0.159950	0.977770	-0.721272	0.692525	-0.013275	-0.679254	-0.703438	0.209258
10926		9.790013	0.175591	2.197977	0.068941	0.025178	0.008983	1.000000	0.000862	0.000315	0.000112	0.136001	0.160660	0.977595	-0.722210	0.691548	-0.013178	-0.678171	-0.704237	0.210081
10927		9.961795	0.240606	2.188981	-0.011267	0.021440	0.037428	1.000000	-0.000141	0.000268	0.000468	0.135561	0.161742	0.977478	-0.722028	0.691716	-0.014324	-0.678453	-0.703824	0.210552
10928		9.763657	0.075757	2.167813	-0.100805	0.015387	0.030301	0.999999	-0.001260	0.000192	0.000379	0.135098	0.162500	0.977416	-0.720352	0.693430	-0.015719	-0.680325	-0.701960	0.210738
10929		9.554719	-0.279670	2.021795	-0.151112	0.037128	0.016287	0.999998	-0.001889	0.000464	0.000204	0.135131	0.163545	0.977237	-0.717844	0.695991	-0.017215	-0.682964	-0.699178	0.211450
10930		9.570055	-0.351899	1.953967	-0.116789	0.053172	0.018026	0.999999	-0.001460	0.000665	0.000225	0.135762	0.164673	0.976960	-0.715675	0.698196	-0.018232	-0.685112	-0.696710	0.212641
10931		9.770773	-0.499145	1.885958	-0.045776	0.056893	0.002609	1.000000	-0.000572	0.000711	0.000033	0.136595	0.165723	0.976667	-0.714801	0.699079	-0.018650	-0.685858	-0.695575	0.213949
10932		9.743093	-0.315725	2.128595	0.028572	0.054628	0.017802	1.000000	0.000357	0.000683	0.000223	0.137339	0.166935	0.976356	-0.715097	0.698771	-0.018885	-0.685401	-0.695595	0.215344
10933		9.635485	-0.193539	2.345793	-0.012082	0.031133	0.028458	1.000000	-0.000151	0.000389	0.000356	0.137470	0.167740	0.976199	-0.714723	0.699137	-0.019484	-0.685765	-0.695033	0.215998
10934		9.613689	-0.346961	2.325905	-0.093529	0.035012	0.011721	0.999999	-0.001169	0.000438	0.000147	0.137565	0.168655	0.976028	-0.713154	0.700706	-0.020566	-0.687377	-0.693229	0.216670
10935		9.679667	-0.529131	2.204718	-0.109798	0.042838	-0.018975	0.999999	-0.001372	0.000535	-0.000237	0.138352	0.168863	0.975881	-0.711127	0.702757	-0.020786	-0.689317	-0.691099	0.217310
10936		9.807946	-0.771427	2.121523	-0.086750	0.043930	-0.068409	0.999999	-0.001084	0.000549	-0.000855	0.140297	0.168490	0.975668	-0.709292	0.704640	-0.019693	-0.690813	-0.689270	0.218368
10937		10.031653	-1.038585	1.992876	0.035023	0.046020	-0.120390	0.999999	0.000438	0.000575	-0.001505	0.143189	0.167227	0.975465	-0.709361	0.704648	-0.016673	-0.690148	-0.689570	0.219522
10938		10.017991	-0.966732	2.097809	0.171198	0.054140	-0.137826	0.999996	0.002140	0.000677	-0.001723	0.146415	0.165857	0.975220	-0.711745	0.702326	-0.012587	-0.687010	-0.692265	0.220878
10939		9.677541	-0.922201	2.213340	0.252193	0.056004	-0.112862	0.999994	0.003152	0.000700	-0.001411	0.149516	0.164775	0.974933	-0.715428	0.698636	-0.008359	-0.682501	-0.696245	0.222342
10940		9.446886	-0.843688	2.302102	0.310682	0.058630	-0.072941	0.999992	0.003884	0.000733	-0.000912	0.151694	0.164545	0.974635	-0.720381	0.693560	-0.004970	-0.676786	-0.701355	0.223744
10941		9.574733	-0.513626	2.247953	0.336852	0.064653	-0.055313	0.999991	0.004211	0.000808	-0.000691	0.153849	0.164885	0.974240	-0.725753	0.687952	-0.001823	-0.670532	-0.706777	0.225506
10942		9.541542	-0.279740	2.219771	0.344685	0.049229	-0.072300	0.999990	0.004309	0.000615	-0.000904	0.155971	0.164593	0.973952	-0.731117	0.682249	0.001787	-0.664184	-0.712352	0.226748
10943		9.562903	-0.022901	2.283688	0.383876	0.031007	-0.087438	0.999988	0.004798	0.000388	-0.001093	0.158051	0.163776	0.973754	-0.737026	0.675838	0.005958	-0.657124	-0.718624	0.227524
10944		9.785398	0.267842	2.461940	0.313847	0.013797	-0.091014	0.999992	0.003923	0.000172	-0.001138	0.160102	0.162506	0.973632	-0.741617	0.670749	0.009997	-0.651438	-0.723663	0.227905
10945		9.909472	0.142113	2.563783	0.215208	-0.016072	-0.097091	0.999996	0.002690	-0.000201	-0.001214	0.161585	0.160555	0.973711	-0.744605	0.667369	0.013523	-0.647653	-0.727215	0.227386
10946		9.842808	0.035385	2.640831	0.141068	-0.045808	-0.101549	0.999997	0.001763	-0.000573	-0.001269	0.162548	0.158073	0.973956	-0.746462	0.665220	0.016615	-0.645269	-0.729722	0.226126
10947		9.699285	-0.036895	2.515130	0.128991	-0.038752	-0.074588	0.999998	0.001612	-0.000484	-0.000932	0.163254	0.156094	0.974157	-0.748137	0.663270	0.019097	-0.643148	-0.731921	0.225061
10948		9.628718	0.136024	2.491847	0.104195	-0.028462	-0.022461	0.999999	0.001302	-0.000356	-0.000281	0.163356	0.154970	0.974320	-0.749479	0.661714	0.020410	-0.641558	-0.733566	0.224242
10949		9.717886	0.217057	2.504728	0.024518	-0.045590	0.020247	1.000000	0.000306	-0.000570	0.000253	0.162292	0.154534	0.974567	-0.749880	0.661271	0.020020	-0.641359	-0.734057	0.223201
10950		9.787481	0.277162	2.479715	-0.022087	-0.051485	0.053972	1.000000	-0.000276	-0.000644	0.000675	0.160223	0.154381	0.974933	-0.749711	0.661508	0.018460	-0.642076	-0.733876	0.221730
10951		9.803188	0.298017	2.416817	-0.085625	-0.056410	0.038367	0.999999	-0.001070	-0.000705	0.000480	0.158472	0.154196	0.975249	-0.748522	0.662896	0.016820	-0.643895	-0.732661	0.220469
10952		9.920486	0.233265	2.323864	-0.057581	-0.053428	0.010744	1.000000	-0.000720	-0.000668	0.000134	0.157357	0.153301	0.975570	-0.747532	0.664027	0.016229	-0.645317	-0.731824	0.219087
10953		9.858397	0.328389	2.417726	-0.049845	-0.056452	0.003316	1.000000	-0.000623	-0.000706	0.000041	0.156296	0.152347	0.975890	-0.746705	0.664968	0.015782	-0.646532	-0.731169	0.217690
10954		9.622844	0.296535	2.402938	-0.101714	-0.051742	-0.005702	0.999999	-0.001271	-0.000647	-0.000071	0.155557	0.151456	0.976147	-0.745011	0.666878	0.015253	-0.648661	-0.729613	0.216574
10955		9.593500	0.106565	2.275111	-0.130030	-0.050711	-0.015408	0.999998	-0.001625	-0.000634	-0.000193	0.155159	0.150170	0.976409	-0.742680	0.669478	0.015053	-0.651424	-0.727495	0.215403
10956		9.717405	0.160170	2.142038	-0.089877	-0.044025	-0.010410	0.999999	-0.001123	-0.000550	-0.000130	0.154394	0.149398	0.976649	-0.741357	0.670953	0.014562	-0.653110	-0.726293	0.214349
10957		9.736475	0.144619	2.190828	-0.071659	-0.036487	-0.021592	0.999999	-0.000896	-0.000456	-0.000270	0.154274	0.148478	0.976808	-0.740113	0.672322	0.014696	-0.654548	-0.725215	0.213613
10958		9.837558	0.018483	2.188884	-0.046969	-0.045012	-0.029227	1.000000	-0.000587	-0.000563	-0.000365	0.154093	0.147291	0.977016	-0.739263	0.673247	0.015100	-0.655549	-0.724599	0.212629
10959		9.860535	0.018848	2.246652	-0.008881	-0.036100	-0.034459	1.000000	-0.000111	-0.000451	-0.000431	0.154131	0.146237	0.977169	-0.739060	0.673454	0.015789	-0.655769	-0.724620	0.211878
10960		9.760941	0.104659	2.301010	0.005721	-0.048943	-0.044062	1.000000	0.000072	-0.000612	-0.000551	0.154024	0.144571	0.977433	-0.739020	0.673473	0.016843	-0.655840	-0.724937	0.210572
10961		9.812238	0.133666	2.214122	-0.030071	-0.032782	-0.046347	1.000000	-0.000376	-0.000410	-0.000579	0.154305	0.143341	0.977570	-0.738425	0.674102	0.017713	-0.656443	-0.724596	0.209864
10962		9.704784	-0.021271	2.147942	-0.041385	-0.022434	-0.035556	1.000000	-0.000517	-0.000280	-0.000444	0.154518	0.142460	0.977665	-0.737684	0.674899	0.018247	-0.657226	-0.724028	0.209375
10963		9.740326	-0.071697	2.124820	0.004590	-0.026950	-0.030831	1.000000	0.000057	-0.000337	-0.000385	0.154728	0.141367	0.977791	-0.737592	0.674975	0.019132	-0.657280	-0.724171	0.208709
10964		9.744686	0.065608	2.171327	0.021370	-0.035858	-0.038716	1.000000	0.000267	-0.000448	-0.000484	0.154961	0.140035	0.977945	-0.737753	0.674766	0.020279	-0.657045	-0.724624	0.207874
10965		9.777914	0.076084	2.170565	-0.005697	-0.040170	-0.047852	1.000000	-0.000071	-0.000502	-0.000598	0.155054	0.138540	0.978144	-0.737548	0.674958	0.021317	-0.657253	-0.724733	0.206835
10966		9.815310	-0.006771	2.149820	0.010056	-0.017795	-0.029280	1.000000	0.000126	-0.000222	-0.000366	0.155327	0.137741	0.978213	-0.737618	0.674857	0.022098	-0.657110	-0.724980	0.206424
10967		9.741015	0.006425	2.265904	-0.002196	-0.016941	-0.005791	1.000000	-0.000027	-0.000212	-0.000072	0.155196	0.137167	0.978315	-0.737478	0.675001	0.022350	-0.657298	-0.724954	0.205915
10968		9.725441	0.025631	2.278884	-0.046483	-0.014532	0.001025	1.000000	-0.000581	-0.000182	0.000013	0.154847	0.136976	0.978397	-0.736779	0.675776	0.021998	-0.658164	-0.724268	0.205563
10969		9.712124	-0.081178	2.062720	-0.035034	-0.006344	0.007080	1.000000	-0.000438	-0.000079	0.000089	0.154683	0.136887	0.978435	-0.736180	0.676436	0.021748	-0.658872	-0.723668	0.205407
10970		9.679072	0.000177	2.211877	-0.011255	-0.005898	0.005998	1.000000	-0.000141	-0.000074	0.000075	0.154343	0.137019	0.978470	-0.736141	0.676491	0.021386	-0.658996	-0.723592	0.205277
10971		9.657608	0.069628	2.317763	-0.042757	-0.011482	0.004429	1.000000	-0.000534	-0.000144	0.000055	0.153906	0.137081	0.978530	-0.735611	0.677083	0.020847	-0.659689	-0.723026	0.205046
10972		9.686532	0.002940	2.274398	-0.110040	-0.017280	-0.006182	0.999999	-0.001375	-0.000216	-0.000077	0.153789	0.136855	0.978580	-0.733883	0.678970	0.020379	-0.661638	-0.721298	0.204854
10973		9.709461	-0.138242	2.158048	-0.064269	0.003480	-0.005810	1.000000	-0.000803	0.000043	-0.000073	0.153946	0.136927	0.978546	-0.732880	0.680060	0.020138	-0.662712	-0.720257	0.205044
10974		9.663516	0.022131	2.191714	-0.015857	0.019289	-0.003104	1.000000	-0.000198	0.000241	-0.000039	0.154276	0.137358	0.978433	-0.732711	0.680245	0.020035	-0.662822	-0.720000	0.205589
10975		9.662169	0.072801	2.234452	-0.054260	0.010743	0.002880	1.000000	-0.000678	0.000134	0.000036	0.154345	0.137725	0.978371	-0.731924	0.681105	0.019587	-0.663676	-0.719116	0.205929
10976		9.752422	-0.013917	2.155266	-0.058093	0.012633	-0.014067	1.000000	-0.000726	0.000158	-0.000176	0.154858	0.137859	0.978271	-0.730988	0.682109	0.019590	-0.664586	-0.718138	0.206404
10977		9.831510	0.012702	2.135651	0.000533	0.014051	-0.024990	1.000000	0.000007	0.000176	-0.000312	0.155646	0.137668	0.978173	-0.730901	0.682181	0.020290	-0.664498	-0.718106	0.206800
10978		9.829007	0.041570	2.169491	0.042185	0.022096	-0.024585	1.000000	0.000527	0.000276	-0.000307	0.156551	0.137600	0.978038	-0.731486	0.681526	0.021203	-0.663641	-0.718741	0.207346
10979		9.781258	0.174542	2.319237	0.018303	0.014426	-0.024124	1.000000	0.000229	0.000180	-0.000302	0.157205	0.137644	0.977927	-0.731840	0.681128	0.021776	-0.663096	-0.719110	0.207810
10980		9.729341	0.055077	2.234351	-0.051201	0.020547	-0.027766	1.000000	-0.000640	0.000257	-0.000347	0.157912	0.137729	0.977801	-0.731028	0.681993	0.021996	-0.663823	-0.718274	0.208378
10981		9.752712	0.000449	2.157670	-0.023805	0.027043	-0.016567	1.000000	-0.000298	0.000338	-0.000207	0.158565	0.138033	0.977652	-0.730668	0.682373	0.022164	-0.664064	-0.717854	0.209056
10982		9.790646	0.029177	2.144736	-0.018364	0.039501	-0.004672	1.000000	-0.000230	0.000494	-0.000058	0.159369	0.138677	0.977430	-0.730368	0.682692	0.022225	-0.664202	-0.717426	0.210085
10983		9.810107	-0.078435	2.159017	-0.010351	0.032655	0.000332	1.000000	-0.000129	0.000408	0.000004	0.159862	0.139415	0.977245	-0.730323	0.682746	0.022068	-0.664133	-0.717232	0.210963
10984		9.830368	0.065360	2.149899	0.042139	0.029941	0.007117	1.000000	0.000527	0.000374	0.000089	0.160078	0.140242	0.977091	-0.731184	0.681828	0.021929	-0.663132	-0.717944	0.211688
10985		9.753139	0.168871	2.292356	0.018706	0.019096	0.009536	1.000000	0.000234	0.000239	0.000119	0.160195	0.140930	0.976973	-0.731668	0.681316	0.021691	-0.662571	-0.718295	0.212257
10986		9.692202	0.066630	2.276293	-0.024277	0.019311	0.007386	1.000000	-0.000303	0.000241	0.000092	0.160281	0.141601	0.976862	-0.731440	0.681575	0.021215	-0.662801	-0.717916	0.212816
10987		9.653248	0.010785	2.227466	-0.006255	0.024114	0.009559	1.000000	-0.000078	0.000301	0.000119	0.160426	0.142303	0.976736	-0.731478	0.681546	0.020847	-0.662725	-0.717805	0.213429
10988		9.689834	0.009053	2.217568	0.000180	0.012845	0.007487	1.000000	0.000002	0.000161	0.000094	0.160540	0.142906	0.976629	-0.731689	0.681328	0.020581	-0.662463	-0.717893	0.213943
10989		9.705353	0.050090	2.164564	0.010707	0.010827	0.003235	1.000000	0.000134	0.000135	0.000040	0.160610	0.143429	0.976541	-0.732066	0.680928	0.020390	-0.662030	-0.718167	0.214363
10990		9.706185	0.050903	2.194683	0.009323	-0.003803	-0.005814	1.000000	0.000117	-0.000048	-0.000073	0.160512	0.143536	0.976541	-0.732394	0.680577	0.020348	-0.661691	-0.718479	0.214366
10991		9.735212	0.024416	2.209679	0.012175	0.001905	0.004757	1.000000	0.000152	0.000024	0.000059	0.160391	0.143816	0.976520	-0.732745	0.680204	0.020175	-0.661332	-0.718776	0.214479
10992		9.731592	-0.030205	2.252903	0.021903	0.004741	0.012264	1.000000	0.000274	0.000059	0.000153	0.160348	0.144260	0.976462	-0.733257	0.679658	0.020000	-0.660775	-0.719204	0.214761
10993		9.691037	0.002653	2.235947	0.014488	0.004811	0.010363	1.000000	0.000181	0.000060	0.000130	0.160310	0.144542	0.976426	-0.733570	0.679323	0.019877	-0.660435	-0.719464	0.214935
10994		9.678876	-0.008911	2.191345	0.006535	-0.000014	0.006314	1.000000	0.000082	-0.000000	0.000079	0.160073	0.144703	0.976441	-0.733769	0.679115	0.019650	-0.660273	-0.719627	0.214887
10995		9.711500	0.064939	2.188369	0.042040	0.012073	0.011141	1.000000	0.000525	0.000151	0.000139	0.159902	0.145306	0.976380	-0.734659	0.678159	0.019391	-0.659323	-0.720407	0.215189
10996		9.713418	0.098308	2.304501	0.027721	0.007058	0.019607	1.000000	0.000347	0.000088	0.000245	0.159566	0.145908	0.976345	-0.735311	0.677465	0.018931	-0.658677	-0.720938	0.215389
10997		9.759639	0.067024	2.345467	0.004521	-0.005449	0.002844	1.000000	0.000057	-0.000068	0.000036	0.159263	0.146058	0.976372	-0.735550	0.677213	0.018675	-0.658484	-0.721145	0.215288
10998		9.784320	-0.039558	2.239892	-0.010907	-0.000255	-0.005224	1.000000	-0.000136	-0.000003	-0.000065	0.159313	0.146057	0.976364	-0.735439	0.677333	0.018677	-0.658596	-0.721032	0.215324
10999		9.661606	0.004965	2.167341	0.064018	0.012570	-0.003909	1.000000	0.000800	0.000157	-0.000049	0.159515	0.146409	0.976278	-0.736618	0.676043	0.018973	-0.657228	-0.722171	0.215687
11000		9.631991	0.187660	2.283607	0.040752	0.003636	0.014520	1.000000	0.000509	0.000045	0.000182	0.159226	0.146849	0.976259	-0.737448	0.675144	0.018721	-0.656367	-0.722922	0.215795
11001		9.721518	0.140213	2.245342	-0.010600	0.000441	0.005145	1.000000	-0.000133	0.000006	0.000064	0.159097	0.146984	0.976260	-0.737353	0.675255	0.018498	-0.656505	-0.722791	0.215810
11002		9.787359	0.109359	2.172219	-0.002033	0.004727	-0.011576	1.000000	-0.000025	0.000059	-0.000145	0.159274	0.146915	0.976242	-0.737338	0.675266	0.018675	-0.656479	-0.722794	0.215879
11003		9.773863	0.129544	2.232341	0.010803	0.004463	-0.021270	1.000000	0.000135	0.000056	-0.000266	0.159707	0.146831	0.976184	-0.737579	0.674989	0.019144	-0.656103	-0.723070	0.216100
11004		9.744177	0.153673	2.295483	0.002472	-0.001517	-0.023725	1.000000	0.000031	-0.000019	-0.000297	0.160059	0.146595	0.976161	-0.737682	0.674864	0.019608	-0.655902	-0.723235	0.216158
11005		9.710905	0.115114	2.280862	-0.023614	0.004225	-0.024628	1.000000	-0.000295	0.000053	-0.000308	0.160475	0.146503	0.976107	-0.737382	0.675183	0.019890	-0.656137	-0.722955	0.216379
11006		9.767545	0.063560	2.283517	-0.021692	0.004498	-0.009099	1.000000	-0.000271	0.000056	-0.000114	0.160651	0.146597	0.976064	-0.737123	0.675466	0.019874	-0.656384	-0.722672	0.216574
11007		9.748590	0.070398	2.275197	-0.011669	0.002177	-0.002168	1.000000	-0.000146	0.000027	-0.000027	0.160720	0.146741	0.976031	-0.737049	0.675549	0.019802	-0.656451	-0.722565	0.216730
11008		9.714353	0.092117	2.267688	0.009356	0.007600	0.004586	1.000000	0.000117	0.000095	0.000057	0.160681	0.147006	0.975997	-0.737281	0.675300	0.019666	-0.656200	-0.722744	0.216892
11009		9.712820	0.173814	2.288441	0.020235	0.004639	0.017030	1.000000	0.000253	0.000058	0.000213	0.160508	0.147549	0.975944	-0.737819	0.674721	0.019336	-0.655637	-0.723174	0.217162
11010		9.721233	0.236752	2.360394	-0.008606	0.002292	0.019769	1.000000	-0.000108	0.000029	0.000247	0.160233	0.147949	0.975929	-0.737808	0.674747	0.018847	-0.655717	-0.723068	0.217274
11011		9.715926	0.178510	2.344184	-0.045635	-0.005717	0.006061	1.000000	-0.000570	-0.000071	0.000076	0.159946	0.148061	0.975959	-0.737184	0.675443	0.018344	-0.656489	-0.722395	0.217183
11012		9.751807	0.110002	2.234389	-0.043401	-0.006101	-0.004017	1.000000	-0.000543	-0.000076	-0.000050	0.160005	0.147982	0.975961	-0.736558	0.676128	0.018237	-0.657176	-0.721770	0.217181
11013		9.700868	0.089418	2.251277	-0.035762	-0.004033	-0.007528	1.000000	-0.000447	-0.000050	-0.000094	0.160082	0.147858	0.975967	-0.736018	0.676717	0.018203	-0.657762	-0.721243	0.217157
11014		9.739843	0.071625	2.253139	-0.030053	0.002702	-0.001745	1.000000	-0.000376	0.000034	-0.000022	0.160225	0.147930	0.975933	-0.735589	0.677186	0.018120	-0.658207	-0.720789	0.217317
11015		9.792390	0.085496	2.219341	-0.018213	0.001250	0.005382	1.000000	-0.000228	0.000016	0.000067	0.160048	0.148113	0.975934	-0.735385	0.677416	0.017791	-0.658478	-0.720535	0.217340
11016		9.776711	0.103072	2.265642	-0.007093	-0.000178	0.006884	1.000000	-0.000089	-0.000002	0.000086	0.159819	0.148439	0.975922	-0.735452	0.677353	0.017413	-0.658459	-0.720526	0.217423
11017		9.726518	0.094667	2.280900	-0.008696	0.004637	0.005572	1.000000	-0.000109	0.000058	0.000070	0.159750	0.148761	0.975884	-0.735457	0.677354	0.017138	-0.658470	-0.720459	0.217615
11018		9.693953	0.079917	2.276578	-0.000690	0.004597	0.007694	1.000000	-0.000009	0.000057	0.000096	0.159746	0.149025	0.975845	-0.735556	0.677251	0.016985	-0.658361	-0.720501	0.217804
11019		9.682826	0.164053	2.277865	-0.008797	0.001885	0.010864	1.000000	-0.000110	0.000024	0.000136	0.159503	0.149380	0.975830	-0.735576	0.677239	0.016561	-0.658397	-0.720439	0.217902
11020		9.726948	0.162484	2.240729	-0.025328	-0.001199	0.005599	1.000000	-0.000317	-0.000015	0.000070	0.159373	0.149563	0.975823	-0.735277	0.677572	0.016236	-0.658763	-0.720088	0.217957
11021		9.772661	0.082163	2.258579	-0.015656	0.000635	0.004093	1.000000	-0.000196	0.000008	0.000051	0.159412	0.149787	0.975783	-0.735185	0.677676	0.016080	-0.658856	-0.719944	0.218151
11022		9.736429	0.049685	2.320370	0.001863	-0.010795	0.001168	1.000000	0.000023	-0.000135	0.000015	0.159316	0.149591	0.975828	-0.735259	0.677593	0.016168	-0.658796	-0.720062	0.217940
11023		9.758240	0.051106	2.307882	-0.020537	-0.005810	0.005391	1.000000	-0.000257	-0.000073	0.000067	0.159108	0.149625	0.975857	-0.735009	0.677871	0.015903	-0.659126	-0.719794	0.217830
11024		9.675342	0.025849	2.242066	-0.002886	0.004644	0.006269	1.000000	-0.000036	0.000058	0.000078	0.159193	0.149808	0.975815	-0.735032	0.677847	0.015848	-0.659079	-0.719778	0.218022
11025		9.681822	0.122143	2.236023	0.014806	-0.001322	0.008207	1.000000	0.000185	-0.000017	0.000103	0.158959	0.149979	0.975827	-0.735371	0.677483	0.015664	-0.658757	-0.720085	0.217982
11026		9.711574	0.142606	2.272910	-0.003106	-0.008999	-0.000774	1.000000	-0.000039	-0.000112	-0.000010	0.158769	0.149902	0.975870	-0.735407	0.677446	0.015585	-0.658763	-0.720136	0.217796
11027		9.760049	0.092766	2.281803	-0.002204	-0.010532	-0.012297	1.000000	-0.000028	-0.000132	-0.000154	0.158736	0.149568	0.975926	-0.735391	0.677460	0.015787	-0.658790	-0.720193	0.217528
11028		9.778832	0.106808	2.302446	-0.005903	-0.002347	-0.014795	1.000000	-0.000074	-0.000029	-0.000185	0.159095	0.149282	0.975912	-0.735297	0.677551	0.016227	-0.658808	-0.720166	0.217562
11029		9.769826	0.046979	2.275983	-0.004835	-0.002030	-0.010302	1.000000	-0.000060	-0.000025	-0.000129	0.159252	0.149106	0.975913	-0.735238	0.677610	0.016449	-0.658836	-0.720148	0.217539
11030		9.707289	0.050598	2.259170	-0.003279	0.006926	-0.012771	1.000000	-0.000041	0.000087	-0.000160	0.159608	0.149176	0.975844	-0.735283	0.677555	0.016685	-0.658699	-0.720184	0.217830
11031		9.676648	0.084161	2.261373	0.011681	0.001975	-0.003457	1.000000	0.000146	0.000025	-0.000043	0.159724	0.149193	0.975823	-0.735528	0.677285	0.016842	-0.658397	-0.720435	0.217914
11032		9.734604	0.155058	2.244033	0.006465	0.004088	-0.006745	1.000000	0.000081	0.000051	-0.000084	0.159899	0.149236	0.975787	-0.735698	0.677096	0.017002	-0.658165	-0.720603	0.218060
11033		9.784304	0.151062	2.262712	0.009199	0.003082	-0.014125	1.000000	0.000115	0.000039	-0.000177	0.160253	0.149100	0.975750	-0.735870	0.676899	0.017422	-0.657887	-0.720817	0.218193
11034		9.745417	0.141828	2.280527	0.011473	-0.000664	-0.019027	1.000000	0.000143	-0.000008	-0.000238	0.160611	0.148882	0.975724	-0.736101	0.676634	0.017923	-0.657540	-0.721111	0.218267
11035		9.710593	0.093871	2.314584	0.004764	0.004476	-0.019348	1.000000	0.000060	0.000056	-0.000242	0.160992	0.148765	0.975680	-0.736221	0.676492	0.018333	-0.657312	-0.721268	0.218434
11036		9.749045	0.111374	2.298111	-0.008198	0.004405	-0.011126	1.000000	-0.000102	0.000055	-0.000139	0.161264	0.148746	0.975637	-0.736150	0.676565	0.018529	-0.657326	-0.721203	0.218605
11037		9.734682	0.076709	2.260176	-0.005636	0.001695	-0.009600	1.000000	-0.000070	0.000021	-0.000120	0.161376	0.148755	0.975618	-0.736139	0.676575	0.018605	-0.657311	-0.721192	0.218687
11038		9.702590	0.114228	2.278345	0.015404	0.004443	-0.005539	1.000000	0.000193	0.000056	-0.000069	0.161475	0.148872	0.975583	-0.736491	0.676188	0.018717	-0.656892	-0.721531	0.218831
11039		9.723360	0.150381	2.249594	0.010147	0.005753	-0.008381	1.000000	0.000127	0.000072	-0.000105	0.161740	0.149007	0.975519	-0.736793	0.675854	0.018925	-0.656488	-0.721816	0.219100
11040		9.742598	0.177564	2.269424	0.008583	0.001897	-0.009948	1.000000	0.000107	0.000024	-0.000124	0.161887	0.148996	0.975496	-0.736999	0.675623	0.019114	-0.656220	-0.722034	0.219185
11041		9.720794	0.194690	2.293255	-0.002998	0.000574	-0.008972	1.000000	-0.000037	0.000007	-0.000112	0.162076	0.149041	0.975458	-0.737083	0.675528	0.019254	-0.656079	-0.722114	0.219343
11042		9.706490	0.146030	2.287315	-0.014676	0.000669	-0.008329	1.000000	-0.000183	0.000008	-0.000104	0.162246	0.149024	0.975432	-0.736921	0.675702	0.019342	-0.656219	-0.721955	0.219448
11043		9.719434	0.104462	2.293761	-0.004761	0.002758	-0.002958	1.000000	-0.000060	0.000034	-0.000037	0.162306	0.149189	0.975397	-0.736973	0.675647	0.019291	-0.656146	-0.721972	0.219610
11044		9.692433	0.158121	2.272694	0.002651	0.003251	0.004480	1.000000	0.000033	0.000041	0.000056	0.162269	0.149453	0.975363	-0.737161	0.675446	0.019142	-0.655944	-0.722105	0.219775
11045		9.750554	0.195276	2.274580	-0.005220	0.000572	0.005050	1.000000	-0.000065	0.000007	0.000063	0.162130	0.149629	0.975359	-0.737182	0.675429	0.018922	-0.655954	-0.722085	0.219812
11046		9.769688	0.169939	2.270774	-0.011737	0.000222	0.002674	1.000000	-0.000147	0.000003	0.000033	0.162070	0.149796	0.975343	-0.737125	0.675497	0.018742	-0.656034	-0.721987	0.219896
11047		9.677877	0.174612	2.347478	-0.007251	-0.010949	-0.003420	1.000000	-0.000091	-0.000137	-0.000043	0.161949	0.149599	0.975394	-0.737079	0.675546	0.018770	-0.656115	-0.721982	0.219670
11048		9.713312	0.065078	2.259084	-0.053340	-0.008196	-0.009424	1.000000	-0.000667	-0.000102	-0.000118	0.161970	0.149366	0.975426	-0.736254	0.676448	0.018672	-0.657036	-0.721185	0.219535
11049		9.704460	-0.018825	2.144566	0.011045	0.003809	-0.000502	1.000000	0.000138	0.000048	-0.000006	0.162040	0.149569	0.975383	-0.736569	0.676105	0.018690	-0.656666	-0.721465	0.219724
11050		9.706415	0.127610	2.242773	0.048631	-0.002997	0.000767	1.000000	0.000608	-0.000037	0.000010	0.161967	0.149636	0.975385	-0.737490	0.675094	0.018896	-0.655649	-0.722397	0.219698
