// Start Time: Unknown
// Update Rate: 40.0Hz
// Filter Profile: human (46.1)
// Firmware Version: 4.3.4
PacketCounter	SampleTimeFine	Acc_X	Acc_Y	Acc_Z	Gyr_X	Gyr_Y	Gyr_Z	OriInc_q0	OriInc_q1	OriInc_q2	OriInc_q3	Mat[1][1]	Mat[2][1]	Mat[3][1]	Mat[1][2]	Mat[2][2]	Mat[3][2]	Mat[1][3]	Mat[2][3]	Mat[3][3]
10839		4.293103	-0.105142	11.470112	0.003317	-0.066913	0.269054	0.999994	0.000041	-0.000836	0.003363	0.590160	0.727581	0.349767	-0.774860	0.632089	-0.007446	-0.226502	-0.266626	0.936807
10840		3.856773	0.139743	12.015788	-0.305818	-0.393845	0.040120	0.999980	-0.003823	-0.004923	0.000501	0.587096	0.725579	0.358962	-0.773674	0.633408	-0.014950	-0.238217	-0.268942	0.933232
10841		3.467650	-0.298839	12.293572	-0.514057	-0.634664	-0.131993	0.999947	-0.006426	-0.007933	-0.001650	0.585710	0.719190	0.373778	-0.768553	0.639270	-0.025703	-0.257430	-0.272213	0.927162
10842		3.413608	-0.225606	12.837292	-0.644699	-0.675311	-0.192488	0.999929	-0.008059	-0.008441	-0.002406	0.584887	0.711520	0.389417	-0.761411	0.647110	-0.038758	-0.279573	-0.273838	0.920246
10843		3.347266	0.499702	12.921347	-0.817910	-0.545364	-0.252907	0.999920	-0.010224	-0.006817	-0.003161	0.585810	0.703801	0.401859	-0.751768	0.657131	-0.054986	-0.302773	-0.269894	0.914049
10844		4.172388	0.829858	12.830677	-0.798239	-0.222301	-0.358306	0.999936	-0.009978	-0.002779	-0.004479	0.591066	0.696575	0.406725	-0.740327	0.668664	-0.069314	-0.320245	-0.260140	0.910917
10845		4.174235	1.201628	11.682643	-0.833280	0.094618	-0.399871	0.999933	-0.010416	0.001183	-0.004998	0.599719	0.690596	0.404246	-0.727674	0.680817	-0.083539	-0.332909	-0.244059	0.910828
10846		4.401066	1.748329	10.796487	-0.859704	0.164626	-0.418068	0.999926	-0.010746	0.002058	-0.005226	0.609463	0.684445	0.400111	-0.714263	0.693045	-0.097560	-0.344069	-0.226326	0.911259
10847		4.458977	2.176714	10.122370	-0.888154	0.108200	-0.485815	0.999919	-0.011102	0.001352	-0.006073	0.620111	0.676340	0.397526	-0.699318	0.706199	-0.110623	-0.355551	-0.209398	0.910898
10848		4.567976	2.019494	10.023869	-0.799863	0.004059	-0.519368	0.999929	-0.009998	0.000051	-0.006492	0.630582	0.666527	0.397629	-0.684401	0.719145	-0.120109	-0.366009	-0.196399	0.909651
10849		5.891380	2.330367	10.417714	-0.619389	0.040406	-0.526263	0.999948	-0.007742	0.000505	-0.006578	0.641629	0.656188	0.397153	-0.670853	0.731121	-0.124170	-0.371845	-0.186760	0.909314
10850		6.370901	2.711345	9.611434	-0.464777	0.192420	-0.489242	0.999962	-0.005810	0.002405	-0.006115	0.653513	0.646453	0.393724	-0.659214	0.741720	-0.123645	-0.371964	-0.178745	0.910875
10851		6.045095	2.552384	8.572061	-0.196794	0.057362	-0.268851	0.999991	-0.002460	0.000717	-0.003361	0.660526	0.639351	0.393619	-0.653589	0.747653	-0.117628	-0.369496	-0.179569	0.911717
10852		6.838708	3.215157	8.493118	0.286591	-0.076959	-0.160379	0.999991	0.003582	-0.000962	-0.002005	0.664550	0.632940	0.397191	-0.654103	0.749723	-0.100318	-0.361279	-0.193137	0.912236
10853		6.337929	2.836460	8.118075	0.505130	-0.195626	0.133183	0.999976	0.006314	-0.002445	0.001665	0.662724	0.630510	0.404048	-0.661249	0.745948	-0.079451	-0.351493	-0.214522	0.911281
10854		7.515184	1.453574	8.623907	0.913636	-0.366104	0.325577	0.999916	0.011420	-0.004576	0.004070	0.656223	0.629804	0.415594	-0.674776	0.736303	-0.050346	-0.337711	-0.247395	0.908156
10855		10.581798	8.015057	9.182863	1.357505	0.071129	-0.333145	0.999847	0.016968	0.000889	-0.004164	0.664161	0.619044	0.419136	-0.680330	0.732893	-0.004402	-0.309906	-0.282227	0.907913
10856		7.719567	2.065481	8.517601	0.359578	0.390182	-0.296441	0.999971	0.004495	0.004877	-0.003705	0.674011	0.609621	0.417219	-0.677980	0.734761	0.021669	-0.293346	-0.297472	0.908547
10857		4.153569	2.468508	11.717334	0.123189	0.360459	-0.331557	0.999980	0.001540	0.004506	-0.004144	0.683634	0.599344	0.416450	-0.673062	0.738379	0.042227	-0.282190	-0.309165	0.908177
10858		5.799988	3.729784	10.649236	-0.021453	0.228511	-0.170067	0.999994	-0.000268	0.002856	-0.002126	0.689796	0.591702	0.417218	-0.669755	0.740365	0.057329	-0.274972	-0.318980	0.906996
10859		5.511882	2.024936	11.017575	0.026505	0.089400	-0.090281	0.999999	0.000331	0.001118	-0.001129	0.693741	0.584560	0.420729	-0.668071	0.740539	0.072681	-0.269080	-0.331498	0.904270
10860		5.538951	2.484555	10.770154	0.051699	0.119716	-0.100982	0.999998	0.000646	0.001496	-0.001262	0.697954	0.577947	0.422892	-0.666317	0.740492	0.087713	-0.262455	-0.343000	0.901925
10861		5.489662	2.439048	10.833758	0.075897	0.054528	-0.080922	0.999999	0.000949	0.000682	-0.001012	0.701321	0.571535	0.426024	-0.665015	0.739794	0.102272	-0.256718	-0.355038	0.898913
10862		5.315332	2.476130	10.688571	0.068442	-0.025607	-0.031395	1.000000	0.000856	-0.000320	-0.000392	0.703273	0.565706	0.430563	-0.664493	0.738350	0.115270	-0.252697	-0.367172	0.895170
10863		5.434021	2.032654	10.822572	0.085568	-0.076188	-0.040923	0.999999	0.001070	-0.000952	-0.000512	0.705008	0.559589	0.435688	-0.663882	0.736819	0.127903	-0.249450	-0.379418	0.890964
10864		5.533541	2.217474	10.586946	0.055525	-0.098638	-0.029472	0.999999	0.000694	-0.001233	-0.000368	0.706293	0.553862	0.440894	-0.663281	0.735402	0.138717	-0.247404	-0.390411	0.886775
10865		5.444782	2.097673	10.571262	0.014557	-0.058295	-0.006124	1.000000	0.000182	-0.000729	-0.000077	0.707322	0.549296	0.444938	-0.662850	0.734085	0.147478	-0.245613	-0.399241	0.883335
10866		5.459350	2.174823	10.519324	-0.014661	-0.030405	0.000511	1.000000	-0.000183	-0.000380	0.000006	0.708294	0.545496	0.448056	-0.662378	0.733035	0.154648	-0.244081	-0.406318	0.880528
10867		5.457900	2.096930	10.507674	-0.064849	0.020956	0.038055	1.000000	-0.000811	0.000262	0.000476	0.708849	0.543248	0.449906	-0.662290	0.732069	0.159519	-0.242703	-0.411043	0.878714
10868		5.444641	2.222953	10.589439	-0.045164	0.037225	0.014513	1.000000	-0.000565	0.000465	0.000181	0.709781	0.541072	0.451057	-0.661937	0.731318	0.164357	-0.240937	-0.415229	0.877231
10869		5.377231	2.156010	10.567367	-0.045564	0.036754	0.023938	1.000000	-0.000570	0.000459	0.000299	0.710468	0.539364	0.452020	-0.661774	0.730533	0.168457	-0.239356	-0.418818	0.875957
10870		5.359296	2.128678	10.631630	-0.007605	0.016088	-0.003498	1.000000	-0.000095	0.000201	-0.000044	0.711406	0.537221	0.453095	-0.661373	0.729807	0.173114	-0.237672	-0.422819	0.874492
10871		5.423881	2.317117	10.614140	-0.014863	-0.000344	0.004802	1.000000	-0.000186	-0.000004	0.000060	0.712039	0.535315	0.454355	-0.661096	0.729129	0.176982	-0.236543	-0.426390	0.873063
10872		5.475755	2.203231	10.564786	-0.025433	-0.007249	0.032784	1.000000	-0.000318	-0.000091	0.000410	0.712114	0.534054	0.455719	-0.661272	0.728263	0.179867	-0.235824	-0.429440	0.871761
10873		5.435871	1.971791	10.573076	-0.018900	-0.000636	0.027093	1.000000	-0.000236	-0.000008	0.000339	0.712256	0.532954	0.456783	-0.661407	0.727475	0.182539	-0.235013	-0.432134	0.870649
10874		5.444378	2.128616	10.612579	0.011878	-0.003760	-0.004903	1.000000	0.000148	-0.000047	-0.000061	0.712836	0.531438	0.457645	-0.661180	0.726853	0.185811	-0.233894	-0.435038	0.869503
10875		5.497433	2.361656	10.456775	-0.014757	0.022664	0.015774	1.000000	-0.000184	0.000283	0.000197	0.713173	0.530752	0.457915	-0.661184	0.726309	0.187915	-0.232851	-0.436782	0.868909
10876		5.531257	2.237571	10.386460	-0.058419	0.064050	0.049792	0.999999	-0.000730	0.000801	0.000622	0.713148	0.531259	0.457367	-0.661556	0.725837	0.188425	-0.231872	-0.436949	0.869087
10877		5.405716	1.829794	10.683336	-0.042544	0.075490	0.028583	0.999999	-0.000532	0.000944	0.000357	0.713485	0.531621	0.456419	-0.661663	0.725520	0.189269	-0.230521	-0.437036	0.869402
10878		5.423813	2.044950	10.790587	-0.002595	0.009021	0.001351	1.000000	-0.000032	0.000113	0.000017	0.713833	0.530912	0.456700	-0.661539	0.725187	0.190973	-0.229803	-0.438448	0.868881
10879		5.474993	2.299304	10.602499	-0.016495	-0.009895	0.012884	1.000000	-0.000206	-0.000124	0.000161	0.713846	0.530323	0.457364	-0.661553	0.724902	0.192001	-0.229721	-0.439630	0.868305
10880		5.520567	2.329069	10.423732	-0.056644	0.005208	0.039028	1.000000	-0.000708	0.000065	0.000488	0.713490	0.530451	0.457770	-0.661812	0.724746	0.191699	-0.230080	-0.439733	0.868158
10881		5.354917	1.595286	10.490625	-0.057668	0.071722	0.038059	0.999999	-0.000721	0.000897	0.000476	0.713506	0.531352	0.456699	-0.662059	0.724638	0.191253	-0.229318	-0.438822	0.868820
10882		5.348782	1.916522	10.895071	0.049759	0.001489	-0.051009	1.000000	0.000622	0.000019	-0.000638	0.714539	0.529977	0.456682	-0.661355	0.724574	0.193913	-0.228131	-0.440587	0.868239
10883		5.424390	2.423643	10.601617	0.048871	-0.042386	-0.040937	1.000000	0.000611	-0.000530	-0.000512	0.715134	0.528387	0.457592	-0.660831	0.724419	0.196264	-0.227785	-0.442746	0.867231
10884		5.498043	2.333648	10.460438	-0.008516	-0.015777	0.006890	1.000000	-0.000106	-0.000197	0.000086	0.715088	0.527994	0.458117	-0.660833	0.724283	0.196756	-0.227921	-0.443437	0.866843
10885		5.478109	1.923103	10.575803	-0.040028	0.020377	0.025516	1.000000	-0.000500	0.000255	0.000319	0.714926	0.528372	0.457934	-0.660996	0.724265	0.196277	-0.227958	-0.443016	0.867048
10886		5.435886	1.935510	10.699030	0.002428	0.004597	-0.016620	1.000000	0.000030	0.000057	-0.000208	0.715340	0.527869	0.457868	-0.660660	0.724355	0.197071	-0.227631	-0.443468	0.866903
10887		5.488167	2.069246	10.574831	0.017824	-0.006560	-0.031086	1.000000	0.000223	-0.000082	-0.000389	0.715908	0.527033	0.457942	-0.660163	0.724488	0.198249	-0.227290	-0.444245	0.866595
10888		5.457372	2.240604	10.571648	-0.012549	0.006025	-0.013121	1.000000	-0.000157	0.000075	-0.000164	0.716232	0.526700	0.457819	-0.659822	0.724735	0.198481	-0.227257	-0.444237	0.866607
10889		5.443650	2.109239	10.523467	-0.033613	0.018328	0.007971	1.000000	-0.000420	0.000229	0.000100	0.716271	0.526910	0.457516	-0.659742	0.724949	0.197964	-0.227367	-0.443639	0.866885
10890		5.369029	1.961303	10.605531	-0.019419	0.012976	-0.007062	1.000000	-0.000243	0.000162	-0.000088	0.716515	0.526816	0.457243	-0.659479	0.725214	0.197866	-0.227360	-0.443316	0.867052
10891		5.427562	2.137214	10.579072	0.004033	-0.008566	-0.017697	1.000000	0.000050	-0.000107	-0.000221	0.716800	0.526324	0.457363	-0.659164	0.725375	0.198326	-0.227376	-0.443637	0.866883
10892		5.397369	2.125850	10.566530	0.005867	-0.007434	-0.014957	1.000000	0.000073	-0.000093	-0.000187	0.717039	0.525915	0.457459	-0.658912	0.725489	0.198751	-0.227355	-0.443937	0.866735
10893		5.452887	2.102936	10.583753	0.007210	-0.005569	-0.010894	1.000000	0.000090	-0.000070	-0.000136	0.717216	0.525619	0.457521	-0.658741	0.725542	0.199119	-0.227290	-0.444199	0.866618
10894		5.473225	2.112196	10.520378	0.011587	-0.003810	-0.018564	1.000000	0.000145	-0.000048	-0.000232	0.717522	0.525221	0.457499	-0.658462	0.725656	0.199630	-0.227137	-0.444485	0.866512
10895		5.385014	2.094840	10.643025	0.007594	-0.000909	-0.022685	1.000000	0.000095	-0.000011	-0.000284	0.717902	0.524796	0.457391	-0.658090	0.725872	0.200069	-0.227012	-0.444634	0.866468
10896		5.456895	2.096846	10.572699	0.017903	-0.005401	-0.018878	1.000000	0.000224	-0.000068	-0.000236	0.718191	0.524405	0.457385	-0.657846	0.725932	0.200654	-0.226806	-0.444997	0.866335
10897		5.431949	2.081851	10.589690	0.028885	-0.008125	-0.033122	1.000000	0.000361	-0.000102	-0.000414	0.718691	0.523740	0.457361	-0.657411	0.726061	0.201610	-0.226481	-0.445570	0.866126
10898		5.339627	2.115153	10.708213	0.038317	-0.028797	-0.043513	1.000000	0.000479	-0.000360	-0.000544	0.719239	0.522668	0.457726	-0.656845	0.726225	0.202861	-0.226383	-0.446560	0.865641
10899		5.553560	2.294571	10.615486	0.026520	-0.044909	-0.031098	1.000000	0.000332	-0.000561	-0.000389	0.719493	0.521654	0.458484	-0.656433	0.726365	0.203688	-0.226772	-0.447516	0.865045
10900		5.590903	2.086134	10.719232	0.035503	-0.070325	-0.033469	0.999999	0.000444	-0.000879	-0.000418	0.719636	0.520313	0.459780	-0.656032	0.726435	0.204731	-0.227476	-0.448962	0.864111
10901		5.218069	2.356843	10.788010	0.046353	-0.106647	-0.037123	0.999999	0.000579	-0.001333	-0.000464	0.719622	0.518507	0.461838	-0.655633	0.726429	0.206024	-0.228668	-0.451056	0.862705
10902		5.681192	1.921257	10.366654	0.010016	-0.089359	-0.050930	0.999999	0.000125	-0.001117	-0.000637	0.719944	0.516646	0.463420	-0.654768	0.727019	0.206691	-0.230129	-0.452239	0.861696
10903		5.458892	2.703192	10.400683	-0.032621	-0.066306	-0.062978	0.999999	-0.000408	-0.000829	-0.000787	0.720570	0.514837	0.464458	-0.653451	0.728246	0.206542	-0.231904	-0.452328	0.861173
10904		5.436190	1.877123	10.400280	-0.107926	-0.063174	-0.153251	0.999997	-0.001349	-0.000790	-0.001916	0.722690	0.511399	0.464963	-0.650056	0.731471	0.205856	-0.234833	-0.451022	0.861065
10905		5.857036	1.789241	10.192541	-0.027261	-0.006139	-0.093163	0.999999	-0.000341	-0.000077	-0.001165	0.724153	0.509713	0.464538	-0.648214	0.733011	0.206186	-0.235416	-0.450430	0.861216
10906		5.400097	2.595884	10.446572	-0.054689	0.040857	0.011547	1.000000	-0.000684	0.000511	0.000144	0.724162	0.510486	0.463674	-0.648122	0.733522	0.204654	-0.235642	-0.448720	0.862046
10907		5.382485	2.388534	10.314294	-0.110396	0.082032	0.062840	0.999998	-0.001380	0.001025	0.000785	0.723592	0.512641	0.462183	-0.648626	0.733986	0.201367	-0.236007	-0.445492	0.863619
10908		5.383971	1.607681	10.566809	-0.083632	0.088884	0.046521	0.999999	-0.001045	0.001111	0.000582	0.723345	0.514570	0.460424	-0.648978	0.734361	0.198849	-0.235796	-0.442641	0.865141
10909		5.624947	1.544155	10.560245	0.004187	0.059961	-0.044870	1.000000	0.000052	0.000750	-0.000561	0.724384	0.514513	0.458851	-0.648205	0.734944	0.199218	-0.234730	-0.441740	0.865891
10910		5.573856	2.228591	10.523836	0.037635	0.041264	-0.076328	0.999999	0.000470	0.000516	-0.000954	0.725804	0.513685	0.457532	-0.647071	0.735553	0.200651	-0.233467	-0.441689	0.866258
10911		5.523924	2.604168	10.403019	0.019215	0.050906	-0.051040	1.000000	0.000240	0.000636	-0.000638	0.726857	0.513423	0.456153	-0.646290	0.736040	0.201381	-0.232353	-0.441182	0.866816
10912		5.434411	2.539069	10.580386	0.007792	0.052365	-0.023783	1.000000	0.000097	0.000655	-0.000297	0.727499	0.513670	0.454850	-0.645925	0.736302	0.201591	-0.231356	-0.440456	0.867452
10913		5.398527	2.043479	10.619585	-0.006982	0.038336	0.000567	1.000000	-0.000087	0.000479	0.000007	0.727672	0.514196	0.453977	-0.645914	0.736411	0.201231	-0.230841	-0.439660	0.867993
10914		5.469695	2.141422	10.609750	0.014317	0.025189	-0.022824	1.000000	0.000179	0.000315	-0.000285	0.728145	0.514155	0.453266	-0.645603	0.736587	0.201587	-0.230223	-0.439415	0.868281
10915		5.419127	2.206893	10.639199	0.048593	-0.003849	-0.037506	1.000000	0.000607	-0.000048	-0.000469	0.728686	0.513520	0.453115	-0.645225	0.736564	0.202875	-0.229568	-0.440194	0.868060
10916		5.515804	2.325141	10.462684	0.044195	-0.002885	-0.033159	1.000000	0.000552	-0.000036	-0.000414	0.729171	0.512983	0.452943	-0.644895	0.736537	0.204018	-0.228952	-0.440865	0.867882
10917		5.532150	2.374779	10.526105	0.027189	0.017716	-0.015079	1.000000	0.000340	0.000221	-0.000188	0.729473	0.512989	0.452451	-0.644794	0.736473	0.204569	-0.228276	-0.440965	0.868009
10918		5.520394	2.213369	10.579762	0.005244	0.023398	-0.004464	1.000000	0.000066	0.000292	-0.000056	0.729600	0.513245	0.451954	-0.644759	0.736544	0.204421	-0.227966	-0.440548	0.868303
10919		5.446912	2.260367	10.577430	-0.012421	0.018530	0.006203	1.000000	-0.000155	0.000232	0.000078	0.729568	0.513672	0.451522	-0.644819	0.736652	0.203847	-0.227904	-0.439870	0.868662
10920		5.446178	2.101096	10.550902	0.001897	0.012104	-0.000717	1.000000	0.000024	0.000151	-0.000009	0.729609	0.513893	0.451204	-0.644833	0.736687	0.203672	-0.227731	-0.439552	0.868869
10921		5.414480	2.308035	10.606397	0.019947	0.003813	-0.013985	1.000000	0.000249	0.000048	-0.000175	0.729793	0.513761	0.451057	-0.644726	0.736673	0.204060	-0.227444	-0.439730	0.868854
10922		5.453782	2.389032	10.471993	-0.002970	-0.000856	0.012330	1.000000	-0.000037	-0.000011	0.000154	0.729528	0.514066	0.451138	-0.644952	0.736606	0.203589	-0.227653	-0.439486	0.868922
10923		5.449206	2.170122	10.497940	-0.020991	0.016934	0.031599	1.000000	-0.000262	0.000212	0.000395	0.729067	0.514928	0.450900	-0.645432	0.736468	0.202562	-0.227769	-0.438707	0.869286
10924		5.496513	2.095794	10.610142	-0.005125	0.007478	0.007179	1.000000	-0.000064	0.000093	0.000090	0.728921	0.515210	0.450814	-0.645587	0.736423	0.202234	-0.227797	-0.438452	0.869407
10925		5.488493	2.239278	10.504927	-0.002553	0.008240	0.005803	1.000000	-0.000032	0.000103	0.000073	0.728833	0.515500	0.450624	-0.645712	0.736389	0.201958	-0.227725	-0.438167	0.869569
10926		5.455859	2.221763	10.552220	-0.012730	0.009138	0.009761	1.000000	-0.000159	0.000114	0.000122	0.728627	0.515850	0.450557	-0.645860	0.736438	0.201306	-0.227963	-0.437674	0.869756
10927		5.501061	2.194883	10.593674	-0.012201	-0.002873	0.008910	1.000000	-0.000153	-0.000036	0.000111	0.728420	0.516079	0.450629	-0.645987	0.736474	0.200766	-0.228265	-0.437343	0.869843
10928		5.453986	2.268586	10.465908	-0.021397	-0.001071	0.014329	1.000000	-0.000267	-0.000013	0.000179	0.728075	0.516376	0.450847	-0.646179	0.736533	0.199930	-0.228824	-0.436892	0.869922
10929		5.448821	2.189316	10.545953	-0.014415	0.011512	0.012906	1.000000	-0.000180	0.000144	0.000161	0.727852	0.516780	0.450743	-0.646363	0.736549	0.199277	-0.229012	-0.436388	0.870126
10930		5.515622	2.219580	10.541384	-0.002766	0.002277	0.006232	1.000000	-0.000035	0.000028	0.000078	0.727690	0.516982	0.450773	-0.646484	0.736543	0.198905	-0.229183	-0.436159	0.870196
10931		5.525849	2.225516	10.501649	-0.007040	0.003397	0.009165	1.000000	-0.000088	0.000042	0.000115	0.727459	0.517257	0.450830	-0.646666	0.736513	0.198426	-0.229405	-0.435883	0.870275
10932		5.491241	2.157097	10.532589	-0.009187	0.007483	0.002593	1.000000	-0.000115	0.000094	0.000032	0.727398	0.517475	0.450680	-0.646708	0.736580	0.198037	-0.229482	-0.435510	0.870442
10933		5.482300	2.369143	10.435662	-0.017124	0.011521	0.009847	1.000000	-0.000214	0.000144	0.000123	0.727208	0.517784	0.450631	-0.646865	0.736575	0.197541	-0.229640	-0.435151	0.870580
10934		5.463231	2.243894	10.473084	-0.045290	0.041188	0.034889	1.000000	-0.000566	0.000515	0.000436	0.726772	0.518862	0.450095	-0.647285	0.736612	0.196024	-0.229836	-0.433804	0.871200
10935		5.449518	2.193320	10.537634	-0.045622	0.050212	0.030930	1.000000	-0.000570	0.000628	0.000387	0.726511	0.520076	0.449113	-0.647583	0.736792	0.194358	-0.229822	-0.432041	0.872079
10936		5.488186	2.162779	10.591449	-0.039749	0.040508	0.031311	1.000000	-0.000497	0.000506	0.000391	0.726203	0.521208	0.448298	-0.647954	0.736832	0.192959	-0.229749	-0.430605	0.872809
10937		5.504708	2.228921	10.532278	-0.040775	0.032528	0.036932	1.000000	-0.000510	0.000407	0.000462	0.725742	0.522335	0.447733	-0.648415	0.736823	0.191441	-0.229903	-0.429253	0.873433
10938		5.477767	1.993173	10.522710	-0.050596	0.048660	0.043585	0.999999	-0.000632	0.000608	0.000545	0.725255	0.523737	0.446882	-0.648958	0.736796	0.189697	-0.229910	-0.427586	0.874249
10939		5.447556	2.030118	10.642176	-0.020858	0.038966	0.006909	1.000000	-0.000261	0.000487	0.000086	0.725312	0.524379	0.446037	-0.649029	0.736891	0.189085	-0.229529	-0.426637	0.874813
10940		5.458891	2.170621	10.543846	-0.016426	0.023909	0.006301	1.000000	-0.000205	0.000299	0.000079	0.725257	0.524777	0.445658	-0.649147	0.736884	0.188706	-0.229370	-0.426158	0.875088
10941		5.473245	2.234867	10.518830	-0.031107	0.041334	0.020827	1.000000	-0.000389	0.000517	0.000260	0.725044	0.525542	0.445102	-0.649315	0.737062	0.187429	-0.229566	-0.424906	0.875645
10942		5.469876	2.085673	10.596453	-0.035994	0.045455	0.025412	1.000000	-0.000450	0.000568	0.000318	0.724764	0.526467	0.444465	-0.649612	0.737118	0.186173	-0.229610	-0.423662	0.876236
10943		5.420341	2.069485	10.579691	-0.037706	0.051151	0.026868	1.000000	-0.000471	0.000639	0.000336	0.724521	0.527445	0.443702	-0.649906	0.737174	0.184924	-0.229548	-0.422346	0.876888
10944		5.455720	2.044480	10.650333	-0.028971	0.046250	0.013925	1.000000	-0.000362	0.000578	0.000174	0.724509	0.528302	0.442701	-0.650099	0.737184	0.184203	-0.229037	-0.421256	0.877545
10945		5.438159	2.118079	10.594969	-0.024358	0.038518	0.013865	1.000000	-0.000304	0.000481	0.000173	0.724440	0.528986	0.441996	-0.650169	0.737393	0.183118	-0.229058	-0.420030	0.878127
10946		5.454261	2.103602	10.570701	-0.034334	0.046471	0.020610	1.000000	-0.000429	0.000581	0.000258	0.724293	0.529872	0.441174	-0.650396	0.737455	0.182061	-0.228877	-0.418803	0.878760
10947		5.416588	2.093890	10.594343	-0.035260	0.056079	0.019429	1.000000	-0.000441	0.000701	0.000243	0.724209	0.530871	0.440110	-0.650639	0.737485	0.181067	-0.228452	-0.417483	0.879499
10948		5.435353	1.985237	10.652129	-0.024273	0.047202	0.011647	1.000000	-0.000303	0.000590	0.000146	0.724155	0.531569	0.439357	-0.650795	0.737528	0.180330	-0.228180	-0.416518	0.880027
10949		5.419620	2.071194	10.618635	-0.016884	0.041337	0.002990	1.000000	-0.000211	0.000517	0.000037	0.724272	0.531962	0.438687	-0.650684	0.737802	0.179603	-0.228122	-0.415528	0.880509
10950		5.375428	2.125077	10.597861	-0.022118	0.041224	0.006667	1.000000	-0.000276	0.000515	0.000083	0.724188	0.532173	0.438570	-0.650664	0.737987	0.178915	-0.228445	-0.414930	0.880708
10951		5.375355	2.056152	10.670119	-0.024996	0.039647	0.009230	1.000000	-0.000312	0.000496	0.000115	0.724052	0.532625	0.438245	-0.650860	0.737917	0.178492	-0.228319	-0.414474	0.880955
10952		5.403048	2.082207	10.618258	-0.023946	0.035007	0.012093	1.000000	-0.000299	0.000438	0.000151	0.723937	0.532881	0.438123	-0.650800	0.738214	0.177479	-0.228854	-0.413615	0.881220
10953		5.398187	1.969108	10.666049	-0.017372	0.034641	0.008396	1.000000	-0.000217	0.000433	0.000105	0.723798	0.533357	0.437774	-0.651003	0.738143	0.177033	-0.228718	-0.413128	0.881484
10954		5.398781	2.048854	10.672417	-0.007141	0.024624	-0.000052	1.000000	-0.000089	0.000308	-0.000001	0.723838	0.533608	0.437402	-0.651055	0.738120	0.176936	-0.228441	-0.412846	0.881688
10955		5.405161	2.066278	10.618044	-0.013814	0.027253	0.003981	1.000000	-0.000173	0.000341	0.000050	0.723836	0.533776	0.437202	-0.651017	0.738259	0.176495	-0.228559	-0.412379	0.881875
10956		5.384100	2.013294	10.628078	-0.019685	0.037594	0.005279	1.000000	-0.000246	0.000470	0.000066	0.723818	0.533965	0.436999	-0.650970	0.738432	0.175944	-0.228746	-0.411825	0.882086
10957		5.359214	2.034883	10.680183	-0.015797	0.030655	0.001884	1.000000	-0.000197	0.000383	0.000024	0.723822	0.533948	0.437014	-0.650816	0.738699	0.175392	-0.229172	-0.411368	0.882189
10958		5.366653	2.019128	10.653204	-0.016051	0.025625	0.005407	1.000000	-0.000201	0.000320	0.000068	0.723915	0.533858	0.436970	-0.650472	0.739213	0.174502	-0.229855	-0.410561	0.882387
10959		5.340090	2.022701	10.660121	-0.011362	0.023082	0.000970	1.000000	-0.000142	0.000289	0.000012	0.723838	0.534111	0.436788	-0.650553	0.739224	0.174151	-0.229868	-0.410212	0.882546
10960		5.374440	2.034105	10.670711	-0.007904	0.015581	0.001744	1.000000	-0.000099	0.000195	0.000022	0.723731	0.534326	0.436704	-0.650709	0.739107	0.174064	-0.229764	-0.410142	0.882605
10961		5.372059	2.042530	10.655038	-0.012048	0.017012	0.007077	1.000000	-0.000151	0.000213	0.000088	0.723546	0.534638	0.436628	-0.650933	0.738964	0.173834	-0.229714	-0.409992	0.882688
10962		5.359054	2.011668	10.666025	-0.012188	0.016348	0.006882	1.000000	-0.000152	0.000204	0.000086	0.723398	0.534446	0.437107	-0.650822	0.739190	0.173288	-0.230492	-0.409835	0.882558
10963		5.364858	2.020617	10.661749	-0.010677	0.008040	0.007864	1.000000	-0.000133	0.000101	0.000098	0.723202	0.534543	0.437314	-0.650975	0.739094	0.173122	-0.230675	-0.409883	0.882488
10964		5.366386	2.024371	10.668616	-0.009288	0.010447	0.008354	1.000000	-0.000116	0.000131	0.000104	0.722883	0.534809	0.437515	-0.651358	0.738742	0.173183	-0.230591	-0.410170	0.882377
10965		5.359493	2.015357	10.681780	-0.009106	0.005957	0.007688	1.000000	-0.000114	0.000074	0.000096	0.722636	0.534837	0.437889	-0.651494	0.738685	0.172912	-0.230982	-0.410235	0.882244
10966		5.386878	2.032572	10.632071	-0.011848	0.008827	0.010328	1.000000	-0.000148	0.000110	0.000129	0.722312	0.534919	0.438323	-0.651740	0.738508	0.172745	-0.231301	-0.410449	0.882061
10967		5.373435	1.962173	10.663731	-0.011801	0.011744	0.010863	1.000000	-0.000148	0.000147	0.000136	0.722322	0.534695	0.438580	-0.651367	0.739073	0.171731	-0.232319	-0.409722	0.882131
10968		5.383481	1.993497	10.662575	-0.002687	0.009581	0.003079	1.000000	-0.000034	0.000120	0.000038	0.722224	0.534827	0.438580	-0.651501	0.738956	0.171728	-0.232247	-0.409761	0.882132
10969		5.352985	2.027899	10.668533	-0.004315	0.009238	0.004316	1.000000	-0.000054	0.000115	0.000054	0.722034	0.534895	0.438810	-0.651670	0.738815	0.171691	-0.232364	-0.409926	0.882025
10970		5.355953	2.017576	10.659915	-0.005862	0.007134	0.006810	1.000000	-0.000073	0.000089	0.000085	0.721717	0.534899	0.439328	-0.651894	0.738641	0.171591	-0.232721	-0.410235	0.881787
10971		5.388646	2.025108	10.640284	-0.010600	0.006292	0.009126	1.000000	-0.000133	0.000079	0.000114	0.721391	0.535001	0.439738	-0.652182	0.738398	0.171545	-0.232925	-0.410540	0.881591
10972		5.380146	1.933696	10.663116	-0.008955	0.009949	0.006206	1.000000	-0.000112	0.000124	0.000078	0.721300	0.534790	0.440143	-0.652032	0.738643	0.171061	-0.233627	-0.410373	0.881483
10973		5.363258	1.999653	10.649832	-0.003494	0.012684	0.000112	1.000000	-0.000044	0.000159	0.000001	0.721357	0.534509	0.440391	-0.651792	0.738915	0.170797	-0.234120	-0.410249	0.881410
10974		5.399537	2.012435	10.659368	-0.004258	0.011675	0.003265	1.000000	-0.000053	0.000146	0.000041	0.721317	0.534453	0.440523	-0.651716	0.739054	0.170489	-0.234452	-0.410073	0.881404
10975		5.394645	2.014579	10.637880	-0.007459	0.013424	0.004680	1.000000	-0.000093	0.000168	0.000059	0.721201	0.534680	0.440438	-0.651851	0.738983	0.170277	-0.234432	-0.409904	0.881487
10976		5.392116	1.980318	10.666937	-0.007908	0.016101	0.003364	1.000000	-0.000099	0.000201	0.000042	0.721172	0.534540	0.440656	-0.651717	0.739183	0.169922	-0.234895	-0.409726	0.881447
10977		5.354796	2.008634	10.685415	-0.004568	0.015023	0.002151	1.000000	-0.000057	0.000188	0.000027	0.721074	0.534690	0.440635	-0.651879	0.739024	0.169992	-0.234747	-0.409817	0.881444
10978		5.378730	1.987116	10.697754	-0.003929	0.007369	0.001201	1.000000	-0.000049	0.000092	0.000015	0.721111	0.534370	0.440962	-0.651649	0.739276	0.169775	-0.235270	-0.409779	0.881322
10979		5.381669	2.007397	10.645807	-0.002918	0.011170	0.003228	1.000000	-0.000036	0.000140	0.000040	0.720982	0.534574	0.440926	-0.651827	0.739132	0.169722	-0.235174	-0.409773	0.881351
10980		5.384434	1.966193	10.664409	-0.005204	0.014117	0.000099	1.000000	-0.000065	0.000176	0.000001	0.721079	0.534449	0.440919	-0.651631	0.739360	0.169480	-0.235420	-0.409525	0.881401
10981		5.380199	2.008478	10.678255	-0.000493	0.012127	0.001065	1.000000	-0.000006	0.000152	0.000013	0.720818	0.534737	0.440996	-0.652061	0.738897	0.169847	-0.235027	-0.409985	0.881291
10982		5.368322	2.010877	10.644646	-0.002354	0.013366	0.002438	1.000000	-0.000029	0.000167	0.000030	0.720642	0.535036	0.440921	-0.652364	0.738601	0.169970	-0.234725	-0.410129	0.881305
10983		5.398230	1.964304	10.672079	0.002012	0.011318	0.000158	1.000000	0.000025	0.000141	0.000002	0.720522	0.535042	0.441110	-0.652571	0.738323	0.170383	-0.234520	-0.410620	0.881131
10984		5.393516	1.996690	10.647101	0.001677	0.015064	-0.003177	1.000000	0.000021	0.000188	-0.000040	0.720350	0.535362	0.441002	-0.653037	0.737745	0.171098	-0.233748	-0.411241	0.881046
10985		5.367229	1.993733	10.670149	0.002840	0.014767	-0.004044	1.000000	0.000036	0.000185	-0.000051	0.720287	0.535273	0.441214	-0.653152	0.737551	0.171494	-0.233621	-0.411705	0.880863
10986		5.378005	2.040257	10.650776	-0.001168	0.012104	-0.001614	1.000000	-0.000015	0.000151	-0.000020	0.720200	0.535348	0.441264	-0.653322	0.737340	0.171753	-0.233414	-0.411984	0.880788
10987		5.382165	1.997602	10.652673	-0.005030	0.013912	0.000928	1.000000	-0.000063	0.000174	0.000012	0.720248	0.535249	0.441307	-0.653192	0.737499	0.171569	-0.233631	-0.411830	0.880802
10988		5.391930	1.985254	10.680177	-0.001892	0.014015	0.002077	1.000000	-0.000024	0.000175	0.000026	0.720150	0.535439	0.441236	-0.653360	0.737343	0.171598	-0.233462	-0.411862	0.880832
10989		5.378601	2.003729	10.661693	0.001135	0.012479	-0.000160	1.000000	0.000014	0.000156	-0.000002	0.720160	0.535454	0.441200	-0.653348	0.737363	0.171558	-0.233463	-0.411806	0.880858
10990		5.379446	2.024852	10.666797	-0.001242	0.010157	0.001035	1.000000	-0.000016	0.000127	0.000013	0.720160	0.535295	0.441395	-0.653249	0.737476	0.171450	-0.233742	-0.411812	0.880781
10991		5.378357	1.995238	10.654399	0.000560	0.006482	0.000717	1.000000	0.000007	0.000081	0.000009	0.720093	0.535208	0.441608	-0.653288	0.737418	0.171546	-0.233837	-0.412027	0.880656
10992		5.386924	2.019408	10.630901	-0.003382	0.010058	0.002004	1.000000	-0.000042	0.000126	0.000025	0.719882	0.535612	0.441464	-0.653661	0.737063	0.171654	-0.233447	-0.412138	0.880707
10993		5.390297	1.991757	10.647761	-0.006282	0.012182	0.000629	1.000000	-0.000079	0.000152	0.000008	0.719840	0.535557	0.441599	-0.653649	0.737091	0.171578	-0.233609	-0.412159	0.880654
10994		5.390527	2.010928	10.653556	-0.008223	0.015190	0.000747	1.000000	-0.000103	0.000190	0.000009	0.720005	0.534944	0.442073	-0.653183	0.737562	0.171330	-0.234404	-0.412113	0.880464
10995		5.382422	2.001139	10.651114	-0.007902	0.019453	0.001693	1.000000	-0.000099	0.000243	0.000021	0.720280	0.534588	0.442055	-0.652623	0.738220	0.170630	-0.235117	-0.411397	0.880609
10996		5.387520	2.007778	10.671295	-0.007773	0.020043	-0.001916	1.000000	-0.000097	0.000251	-0.000024	0.720146	0.534684	0.442157	-0.652885	0.737888	0.171061	-0.234799	-0.411866	0.880475
10997		5.378454	1.984832	10.670656	-0.006723	0.018677	-0.000762	1.000000	-0.000084	0.000233	-0.000010	0.720237	0.534412	0.442338	-0.652689	0.738066	0.171044	-0.235067	-0.411902	0.880387
10998		5.387582	2.001970	10.655515	-0.005679	0.017227	-0.003422	1.000000	-0.000071	0.000215	-0.000043	0.720165	0.534390	0.442482	-0.652780	0.737947	0.171210	-0.235035	-0.412143	0.880282
10999		5.382367	2.000788	10.658372	-0.006647	0.020638	-0.003402	1.000000	-0.000083	0.000258	-0.000043	0.720173	0.534714	0.442077	-0.652910	0.737839	0.171181	-0.234649	-0.411916	0.880491
11000		5.354741	1.997804	10.642229	-0.005460	0.019942	-0.002046	1.000000	-0.000068	0.000249	-0.000026	0.720343	0.534488	0.442072	-0.652601	0.738177	0.170899	-0.234984	-0.411603	0.880548
11001		5.378547	1.986605	10.677432	-0.000953	0.014754	-0.004034	1.000000	-0.000012	0.000184	-0.000050	0.720263	0.534540	0.442141	-0.652762	0.737970	0.171178	-0.234785	-0.411906	0.880460
11002		5.387232	2.009266	10.638083	-0.003838	0.012672	-0.003111	1.000000	-0.000048	0.000158	-0.000039	0.720180	0.534701	0.442081	-0.652944	0.737769	0.171351	-0.234532	-0.412058	0.880456
11003		5.376855	2.018270	10.666812	-0.006054	0.014424	0.000416	1.000000	-0.000076	0.000180	0.000005	0.720275	0.534248	0.442474	-0.652579	0.738169	0.171018	-0.235254	-0.411929	0.880324
11004		5.375632	1.983112	10.678955	-0.005568	0.014585	-0.001539	1.000000	-0.000070	0.000182	-0.000019	0.720180	0.534375	0.442475	-0.652707	0.738058	0.171008	-0.235190	-0.411963	0.880325
11005		5.352406	2.032743	10.639108	-0.006931	0.015585	0.000094	1.000000	-0.000087	0.000195	0.000001	0.720207	0.534401	0.442400	-0.652648	0.738154	0.170821	-0.235273	-0.411758	0.880399
11006		5.397432	2.012786	10.671353	-0.004657	0.012547	-0.000587	1.000000	-0.000058	0.000157	-0.000007	0.720278	0.534225	0.442498	-0.652484	0.738324	0.170711	-0.235509	-0.411682	0.880371
11007		5.386219	1.982865	10.664691	-0.005801	0.016175	-0.001393	1.000000	-0.000073	0.000202	-0.000017	0.720236	0.534217	0.442574	-0.652514	0.738297	0.170713	-0.235553	-0.411740	0.880332
11008		5.373710	1.996149	10.670234	-0.004771	0.015208	-0.002459	1.000000	-0.000060	0.000190	-0.000031	0.720462	0.533572	0.442984	-0.652031	0.738740	0.170644	-0.236200	-0.411782	0.880139
11009		5.373685	2.018749	10.635962	-0.004597	0.014995	-0.001630	1.000000	-0.000057	0.000187	-0.000020	0.720492	0.533531	0.442985	-0.651997	0.738763	0.170672	-0.236202	-0.411793	0.880133
11010		5.363686	1.984585	10.652877	-0.005940	0.015511	-0.001592	1.000000	-0.000074	0.000194	-0.000020	0.720565	0.533403	0.443021	-0.651850	0.738921	0.170551	-0.236385	-0.411676	0.880139
11011		5.375295	2.011747	10.659319	-0.001812	0.015527	-0.002122	1.000000	-0.000023	0.000194	-0.000027	0.720551	0.533512	0.442912	-0.651934	0.738826	0.170641	-0.236195	-0.411705	0.880177
11012		5.362739	1.998216	10.667572	-0.004134	0.011830	-0.001913	1.000000	-0.000052	0.000148	-0.000024	0.720535	0.533319	0.443171	-0.651874	0.738867	0.170693	-0.236411	-0.411882	0.880036
11013		5.361097	1.995263	10.652782	-0.004214	0.013683	0.000653	1.000000	-0.000053	0.000171	0.000008	0.720379	0.533651	0.443025	-0.652144	0.738628	0.170693	-0.236140	-0.411880	0.880110
11014		5.376260	1.988635	10.668676	-0.002617	0.011102	-0.001120	1.000000	-0.000033	0.000139	-0.000014	0.720371	0.533697	0.442983	-0.652186	0.738579	0.170748	-0.236050	-0.411909	0.880120
11015		5.368332	1.998850	10.640146	-0.001544	0.013061	-0.001636	1.000000	-0.000019	0.000163	-0.000020	0.720442	0.533525	0.443074	-0.652045	0.738710	0.170719	-0.236221	-0.411897	0.880080
11016		5.358007	2.008916	10.668553	-0.001016	0.012336	-0.002966	1.000000	-0.000013	0.000154	-0.000037	0.720278	0.533976	0.442797	-0.652431	0.738321	0.170927	-0.235656	-0.412009	0.880179
11017		5.373527	2.005322	10.644174	-0.002988	0.012020	-0.001178	1.000000	-0.000037	0.000150	-0.000015	0.720190	0.534005	0.442907	-0.652556	0.738173	0.171088	-0.235580	-0.412237	0.880092
11018		5.379971	2.012970	10.663510	-0.005635	0.015979	-0.000555	1.000000	-0.000070	0.000200	-0.000007	0.720360	0.533750	0.442937	-0.652238	0.738516	0.170821	-0.235940	-0.411953	0.880129
11019		5.383853	1.983834	10.664145	-0.002753	0.014253	-0.001392	1.000000	-0.000034	0.000178	-0.000017	0.720450	0.533448	0.443154	-0.652015	0.738727	0.170757	-0.236280	-0.411966	0.880032
11020		5.357399	2.024738	10.658761	-0.002151	0.011753	-0.001475	1.000000	-0.000027	0.000147	-0.000018	0.720444	0.533418	0.443200	-0.651991	0.738763	0.170698	-0.236366	-0.411940	0.880021
11021		5.365267	2.003227	10.664351	-0.005577	0.014614	-0.001524	1.000000	-0.000070	0.000183	-0.000019	0.720565	0.533186	0.443281	-0.651789	0.738942	0.170689	-0.236550	-0.411919	0.879981
11022		5.356127	1.982927	10.679319	-0.002644	0.011594	0.000481	1.000000	-0.000033	0.000145	0.000006	0.720653	0.533056	0.443295	-0.651606	0.739153	0.170477	-0.236789	-0.411708	0.880015
11023		5.379320	2.007944	10.663749	-0.000611	0.010543	-0.002274	1.000000	-0.000008	0.000132	-0.000028	0.720672	0.533055	0.443265	-0.651618	0.739120	0.170578	-0.236698	-0.411770	0.880011
11024		5.378108	2.005937	10.648607	-0.001338	0.011969	-0.000176	1.000000	-0.000017	0.000150	-0.000002	0.720597	0.533152	0.443270	-0.651736	0.739001	0.170640	-0.236600	-0.411857	0.879996
11025		5.365702	1.992533	10.656703	-0.002114	0.014689	-0.000918	1.000000	-0.000026	0.000184	-0.000011	0.720680	0.532898	0.443440	-0.651543	0.739183	0.170586	-0.236879	-0.411858	0.879921
11026		5.365595	2.013253	10.662450	-0.003063	0.013808	-0.002417	1.000000	-0.000038	0.000173	-0.000030	0.720598	0.533130	0.443295	-0.651720	0.739019	0.170621	-0.236640	-0.411854	0.879987
11027		5.378617	1.997470	10.656664	-0.003730	0.013864	-0.001291	1.000000	-0.000047	0.000173	-0.000016	0.720574	0.533322	0.443104	-0.651825	0.738927	0.170619	-0.236426	-0.411770	0.880084
11028		5.373630	2.025804	10.672349	-0.004225	0.013704	0.000664	1.000000	-0.000053	0.000171	0.000008	0.720633	0.533074	0.443307	-0.651636	0.739121	0.170501	-0.236768	-0.411743	0.880005
11029		5.373361	2.004716	10.682471	-0.004065	0.010075	-0.000657	1.000000	-0.000051	0.000126	-0.000008	0.720468	0.533408	0.443172	-0.651969	0.738780	0.170704	-0.236352	-0.411921	0.880033
11030		5.365332	2.000699	10.655538	-0.003731	0.013869	-0.001287	1.000000	-0.000047	0.000173	-0.000016	0.720552	0.533353	0.443101	-0.651850	0.738910	0.170597	-0.236423	-0.411760	0.880090
11031		5.359510	2.001766	10.674374	-0.004273	0.015003	-0.002173	1.000000	-0.000053	0.000188	-0.000027	0.720483	0.533617	0.442897	-0.652049	0.738712	0.170696	-0.236087	-0.411773	0.880174
11032		5.357901	2.026217	10.656872	-0.005274	0.015087	-0.000484	1.000000	-0.000066	0.000189	-0.000006	0.720335	0.533929	0.442761	-0.652320	0.738459	0.170755	-0.235790	-0.411823	0.880230
11033		5.363442	2.006140	10.679484	-0.004770	0.014845	-0.000218	1.000000	-0.000060	0.000186	-0.000003	0.720351	0.534030	0.442613	-0.652312	0.738500	0.170606	-0.235761	-0.411618	0.880334
11034		5.355054	2.001867	10.652791	-0.004978	0.012131	-0.001601	1.000000	-0.000062	0.000152	-0.000020	0.720256	0.534128	0.442649	-0.652453	0.738356	0.170692	-0.235661	-0.411750	0.880299
11035		5.373290	2.002899	10.674176	-0.002091	0.014223	-0.002499	1.000000	-0.000026	0.000178	-0.000031	0.720197	0.534344	0.442485	-0.652633	0.738163	0.170835	-0.235341	-0.411815	0.880354
11036		5.375071	2.008137	10.664616	-0.001849	0.012229	-0.000427	1.000000	-0.000023	0.000153	-0.000005	0.720273	0.534134	0.442616	-0.652464	0.738327	0.170772	-0.235580	-0.411793	0.880300
11037		5.364805	2.006479	10.654479	-0.002931	0.014498	-0.002200	1.000000	-0.000037	0.000181	-0.000027	0.720342	0.533998	0.442666	-0.652358	0.738413	0.170808	-0.235659	-0.411817	0.880268
11038		5.374298	2.008130	10.680626	-0.004204	0.013236	-0.000923	1.000000	-0.000053	0.000165	-0.000012	0.720227	0.534112	0.442716	-0.652520	0.738252	0.170885	-0.235564	-0.411957	0.880228
11039		5.362710	2.010432	10.647124	-0.003906	0.014101	-0.002106	1.000000	-0.000049	0.000176	-0.000026	0.720261	0.534157	0.442607	-0.652483	0.738312	0.170769	-0.235564	-0.411791	0.880305
11040		5.373873	2.010183	10.656716	-0.003637	0.015447	-0.001693	1.000000	-0.000045	0.000193	-0.000021	0.720253	0.534173	0.442600	-0.652497	0.738299	0.170770	-0.235551	-0.411793	0.880308
11041		5.352848	2.010698	10.668107	-0.004206	0.013241	-0.000920	1.000000	-0.000053	0.000166	-0.000011	0.720158	0.534269	0.442638	-0.652634	0.738161	0.170845	-0.235461	-0.411916	0.880274
11042		5.359742	2.006882	10.648836	-0.005075	0.013996	0.000974	1.000000	-0.000063	0.000175	0.000012	0.720043	0.534401	0.442667	-0.652791	0.738015	0.170877	-0.235378	-0.412008	0.880254
11043		5.367897	2.012339	10.651678	-0.004137	0.015289	0.000263	1.000000	-0.000052	0.000191	0.000003	0.720121	0.534216	0.442763	-0.652613	0.738200	0.170752	-0.235629	-0.411915	0.880230
11044		5.353114	2.000279	10.676670	-0.002288	0.014529	0.000497	1.000000	-0.000029	0.000182	0.000006	0.720020	0.534293	0.442835	-0.652781	0.738005	0.170954	-0.235475	-0.412164	0.880155
11045		5.361636	2.006944	10.679101	0.000192	0.011188	-0.003169	1.000000	0.000002	0.000140	-0.000040	0.720154	0.533941	0.443041	-0.652549	0.738185	0.171064	-0.235708	-0.412298	0.880029
11046		5.379876	2.016088	10.636444	0.000526	0.011162	-0.003730	1.000000	0.000007	0.000140	-0.000047	0.720049	0.534168	0.442937	-0.652805	0.737895	0.171337	-0.235319	-0.412523	0.880028
11047		5.378930	2.007612	10.685021	-0.001354	0.012407	-0.002368	1.000000	-0.000017	0.000155	-0.000030	0.719994	0.534147	0.443052	-0.652899	0.737760	0.171560	-0.235228	-0.412791	0.879927
11048		5.350642	2.011629	10.660490	-0.004174	0.012360	-0.000295	1.000000	-0.000052	0.000154	-0.000004	0.720053	0.534047	0.443077	-0.652768	0.737910	0.171412	-0.235409	-0.412653	0.879943
11049		5.379190	1.996425	10.662109	-0.001725	0.013328	-0.002425	1.000000	-0.000022	0.000167	-0.000030	0.720251	0.533703	0.443170	-0.652420	0.738253	0.171262	-0.235769	-0.412484	0.879926
11050		5.361788	2.005123	10.678492	-0.001725	0.013329	-0.002424	1.000000	-0.000022	0.000167	-0.000030	0.720343	0.533585	0.443162	-0.652278	0.738393	0.171199	-0.235878	-0.412387	0.879942
11051		5.360025	2.003495	10.663646	0.000255	0.013651	-0.004197	1.000000	0.000003	0.000171	-0.000052	0.720402	0.533524	0.443141	-0.652229	0.738416	0.171288	-0.235836	-0.412425	0.879936
