// Start Time: Unknown
// Update Rate: 40.0Hz
// Filter Profile: human (46.1)
// Firmware Version: 4.3.4
PacketCounter	SampleTimeFine	Acc_X	Acc_Y	Acc_Z	Gyr_X	Gyr_Y	Gyr_Z	OriInc_q0	OriInc_q1	OriInc_q2	OriInc_q3	Mat[1][1]	Mat[2][1]	Mat[3][1]	Mat[1][2]	Mat[2][2]	Mat[3][2]	Mat[1][3]	Mat[2][3]	Mat[3][3]
10839		5.389879	-3.201882	7.489528	-0.523883	0.002367	0.254417	0.999974	-0.006548	0.000030	0.003180	0.584834	-0.593527	0.552897	0.806827	0.495948	-0.321039	-0.083663	0.633847	0.768921
10840		5.367654	-3.432780	7.505668	-0.456055	0.040998	0.259896	0.999978	-0.005701	0.000512	0.003249	0.590147	-0.590968	0.549984	0.803908	0.492540	-0.333370	-0.073878	0.638875	0.765755
10841		5.017656	-3.867096	7.201270	-0.320267	-0.006242	0.178795	0.999989	-0.004003	-0.000078	0.002235	0.594244	-0.589017	0.547662	0.801416	0.491104	-0.341394	-0.067872	0.641776	0.763883
10842		5.282291	-3.612249	7.451847	-0.170609	-0.057585	0.091667	0.999997	-0.002133	-0.000720	0.001146	0.597162	-0.586007	0.547716	0.799523	0.489768	-0.347693	-0.064503	0.645540	0.760997
10843		5.182805	-3.409175	7.609101	-0.102519	-0.107523	0.062230	0.999998	-0.001281	-0.001344	0.000778	0.599379	-0.582261	0.549287	0.797951	0.488971	-0.352396	-0.063399	0.649523	0.757694
10844		5.389546	-3.682265	7.798383	-0.140304	-0.130128	0.065664	0.999997	-0.001754	-0.001627	0.000821	0.600917	-0.580030	0.549968	0.796944	0.487691	-0.356423	-0.061478	0.652474	0.755313
10845		5.173332	-4.046216	6.965686	-0.084722	-0.107379	0.024329	0.999998	-0.001059	-0.001342	0.000304	0.600800	-0.579445	0.550711	0.797201	0.485343	-0.359043	-0.059238	0.654741	0.753528
10846		4.809939	-4.137214	6.746460	0.148513	-0.221149	-0.127360	0.999993	0.001856	-0.002764	-0.001592	0.600408	-0.575434	0.555325	0.796996	0.487573	-0.356469	-0.065637	0.656618	0.751362
10847		5.864601	-3.365977	7.858685	0.313188	-0.251862	-0.236995	0.999983	0.003915	-0.003148	-0.002962	0.599952	-0.569620	0.561774	0.796368	0.492364	-0.351248	-0.076520	0.658111	0.749022
10848		5.378082	-3.646581	7.370403	0.246190	-0.150180	-0.181344	0.999991	0.003077	-0.001877	-0.002267	0.597876	-0.567680	0.565936	0.797165	0.495145	-0.345484	-0.084096	0.657702	0.748570
10849		5.344234	-3.581812	6.690504	0.417433	-0.164267	-0.238091	0.999980	0.005218	-0.002053	-0.002976	0.595095	-0.565999	0.570532	0.798021	0.500090	-0.336261	-0.094994	0.655404	0.749281
10850		5.304850	-3.539272	7.247754	0.832301	-0.268537	-0.418655	0.999927	0.010404	-0.003357	-0.005233	0.588748	-0.564100	0.578936	0.799968	0.509299	-0.317278	-0.115875	0.649927	0.751111
10851		6.200429	-2.633480	8.265901	0.685118	-0.122545	-0.352437	0.999952	0.008564	-0.001532	-0.004405	0.584799	-0.563000	0.583987	0.800308	0.517905	-0.302128	-0.132352	0.644054	0.753444
10852		5.863597	-2.543184	8.050124	0.411970	-0.073197	-0.204119	0.999983	0.005150	-0.000915	-0.002551	0.577220	-0.569020	0.585690	0.804832	0.517700	-0.290228	-0.138067	0.638908	0.756792
10853		5.781083	-2.427060	8.173132	0.259794	-0.108220	-0.121312	0.999993	0.003247	-0.001353	-0.001516	0.572853	-0.572126	0.586951	0.807332	0.517561	-0.283452	-0.141613	0.636241	0.758382
10854		5.853537	-2.497468	8.096052	0.122895	-0.167843	-0.067598	0.999996	0.001536	-0.002098	-0.000845	0.568028	-0.575104	0.588727	0.810610	0.514652	-0.279366	-0.142325	0.635916	0.758522
10855		5.967404	-2.948481	7.744102	0.049332	-0.231373	-0.046312	0.999995	0.000617	-0.002892	-0.000579	0.563450	-0.575502	0.592724	0.813420	0.511919	-0.276202	-0.144471	0.637759	0.756565
10856		5.943487	-3.284080	7.546478	0.052555	-0.211793	-0.141925	0.999995	0.000657	-0.002647	-0.001774	0.557929	-0.576644	0.596823	0.816893	0.508376	-0.272470	-0.146292	0.639559	0.754694
10857		6.015212	-3.244217	7.336320	0.095314	-0.087250	-0.267285	0.999993	0.001191	-0.001091	-0.003341	0.551274	-0.580747	0.599024	0.821257	0.504285	-0.266894	-0.147081	0.639085	0.754942
10858		5.501101	-4.352610	7.158759	0.195265	0.024620	-0.483555	0.999979	0.002441	0.000308	-0.006044	0.542097	-0.586930	0.601368	0.826681	0.500887	-0.256342	-0.150763	0.636101	0.756734
10859		6.301948	-5.398601	7.539318	0.279482	0.068431	-0.920225	0.999927	0.003493	0.000855	-0.011503	0.526099	-0.597331	0.605323	0.835909	0.494167	-0.238864	-0.156449	0.631661	0.759295
10860		7.533333	-5.808371	7.563709	-0.363767	0.412473	-1.754283	0.999736	-0.004547	0.005155	-0.021927	0.495040	-0.621594	0.607089	0.856909	0.464818	-0.222827	-0.143678	0.630528	0.762752
10861		10.059187	-11.172960	5.757319	-0.884289	1.127256	-2.917894	0.999175	-0.011051	0.014087	-0.036464	0.443748	-0.664052	0.601766	0.888853	0.411669	-0.201170	-0.114141	0.624151	0.772922
10862		10.391817	-14.380225	2.217157	0.109838	1.077987	-2.539972	0.999404	0.001373	0.013472	-0.031743	0.407427	-0.691370	0.596666	0.906274	0.386625	-0.170848	-0.112566	0.610351	0.784092
10863		5.154427	-10.645302	4.262029	0.376292	-0.237745	0.292155	0.999978	0.004704	-0.002972	0.003652	0.434549	-0.666283	0.605998	0.891202	0.415294	-0.182455	-0.130100	0.619353	0.774258
10864		2.798948	-4.092674	8.113835	0.850575	-0.773746	1.976030	0.999592	0.010631	-0.009671	0.024697	0.489084	-0.618340	0.615184	0.858047	0.467777	-0.211989	-0.156687	0.631538	0.759348
10865		3.028533	-1.076979	9.047425	0.658451	-0.385486	2.026531	0.999634	0.008230	-0.004818	0.025329	0.533551	-0.585285	0.610545	0.830089	0.500734	-0.245392	-0.162097	0.637736	0.753006
10866		3.402283	0.737389	8.711074	0.013052	0.044358	1.491569	0.999826	0.000163	0.000554	0.018644	0.555801	-0.576604	0.598843	0.819832	0.499501	-0.279955	-0.137699	0.646550	0.750341
10867		4.149518	-0.232327	8.557926	-0.570830	0.236492	0.985754	0.999894	-0.007135	0.002956	0.012321	0.582560	-0.564334	0.584937	0.804253	0.504251	-0.314496	-0.117474	0.653650	0.747624
10868		3.698486	-1.428667	9.100116	-0.453026	0.315419	0.982163	0.999901	-0.005663	0.003943	0.012277	0.608950	-0.553099	0.568561	0.786603	0.513391	-0.343053	-0.102152	0.656134	0.747699
10869		4.447449	-1.330391	8.553469	-0.242333	0.196075	1.593035	0.999794	-0.003029	0.002451	0.019912	0.644267	-0.533856	0.547648	0.759277	0.532375	-0.374266	-0.091750	0.656944	0.748336
10870		6.364325	0.925102	8.981826	-0.225774	-0.071120	1.973823	0.999691	-0.002822	-0.000889	0.024670	0.683294	-0.505768	0.526600	0.725095	0.554707	-0.408090	-0.085710	0.660681	0.745758
10871		6.704824	1.787227	9.464228	-0.640632	-0.179346	1.661875	0.999750	-0.008007	-0.002242	0.020772	0.713138	-0.481221	0.509765	0.697052	0.564059	-0.442669	-0.074516	0.671017	0.737688
10872		7.052221	1.056513	8.142162	-0.885328	-0.091627	0.989508	0.999862	-0.011066	-0.001145	0.012368	0.728829	-0.469463	0.498410	0.682241	0.559518	-0.470624	-0.057929	0.683040	0.728080
10873		6.189767	1.226040	6.375841	-0.595069	-0.214521	0.143292	0.999967	-0.007438	-0.002681	0.001791	0.728508	-0.468539	0.499747	0.683279	0.549226	-0.481124	-0.049048	0.691970	0.720259
10874		4.019787	0.775208	5.144031	-0.055002	-1.162536	-0.093065	0.999894	-0.000687	-0.014531	-0.001163	0.721850	-0.454870	0.521561	0.688805	0.545127	-0.477895	-0.066937	0.704223	0.706817
10875		10.025699	-2.787880	7.198641	1.198020	-1.797576	-0.806969	0.999585	0.014973	-0.022467	-0.010086	0.699783	-0.440037	0.562736	0.704611	0.554849	-0.442341	-0.117588	0.706052	0.698329
10876		12.180787	6.989147	11.112906	1.285458	-0.309748	-1.152073	0.999760	0.016067	-0.003872	-0.014400	0.674135	-0.455557	0.581386	0.724270	0.562063	-0.399397	-0.144827	0.690328	0.708853
10877		5.516099	-5.112960	6.024345	0.979256	-0.008829	-0.575226	0.999899	0.012240	-0.000110	-0.007190	0.656934	-0.470569	0.589068	0.736341	0.568310	-0.367187	-0.161987	0.674972	0.719842
10878		6.219077	-0.867961	9.762959	0.548493	-0.093161	-0.399717	0.999963	0.006856	-0.001165	-0.004996	0.643458	-0.480343	0.596014	0.745622	0.569502	-0.346000	-0.173232	0.667037	0.724605
10879		7.359378	-1.806301	7.343976	0.165667	0.058542	-0.159163	0.999996	0.002071	0.000732	-0.001990	0.634846	-0.489635	0.597685	0.752636	0.566777	-0.335116	-0.174670	0.662587	0.728333
10880		6.214133	-2.568236	7.169301	0.165735	0.222380	-0.015615	0.999994	0.002072	0.002780	-0.000195	0.629859	-0.499040	0.595178	0.756997	0.565962	-0.326563	-0.173880	0.656236	0.734248
10881		5.855854	-3.370643	7.668572	0.108437	0.233387	-0.040139	0.999995	0.001355	0.002917	-0.000502	0.624860	-0.508397	0.592522	0.761544	0.564131	-0.319070	-0.172046	0.650606	0.739670
10882		6.224933	-2.239029	7.754704	0.068029	0.186943	-0.068495	0.999997	0.000850	0.002337	-0.000856	0.619617	-0.516849	0.590714	0.766217	0.561542	-0.312382	-0.170256	0.646172	0.743959
10883		6.248605	-1.810881	7.698661	0.024232	0.160951	0.023619	0.999998	0.000303	0.002012	0.000295	0.616280	-0.523262	0.588554	0.769373	0.559579	-0.308116	-0.168117	0.642703	0.747442
10884		6.032969	-2.521786	7.683434	-0.008316	0.159333	0.095786	0.999997	-0.000104	0.001992	0.001197	0.614510	-0.528402	0.585807	0.771365	0.558166	-0.305691	-0.165449	0.639721	0.750589
10885		5.893718	-2.941477	7.626376	-0.004997	0.133270	0.032544	0.999999	-0.000062	0.001666	0.000407	0.611708	-0.533691	0.583942	0.774046	0.556161	-0.302551	-0.163297	0.637071	0.753310
10886		5.975645	-2.384256	7.619701	0.003666	0.110724	0.005970	0.999999	0.000046	0.001384	0.000075	0.608639	-0.538642	0.582601	0.776796	0.554149	-0.299177	-0.161698	0.634653	0.755691
10887		5.967439	-2.435922	7.606699	0.007932	0.098939	0.013885	0.999999	0.000099	0.001237	0.000174	0.605903	-0.543047	0.581361	0.779199	0.552453	-0.296049	-0.160406	0.632373	0.757875
10888		6.017691	-2.560447	7.504426	0.010610	0.090495	0.022719	0.999999	0.000133	0.001131	0.000284	0.603528	-0.546960	0.580163	0.781259	0.551060	-0.293200	-0.159336	0.630212	0.759898
10889		5.911650	-2.695999	7.594302	0.032547	0.105153	0.013734	0.999999	0.000407	0.001314	0.000172	0.601263	-0.550974	0.578714	0.783167	0.550040	-0.290008	-0.158529	0.627601	0.762224
10890		5.785510	-2.563581	7.747864	0.023369	0.082486	0.005805	0.999999	0.000292	0.001031	0.000073	0.598979	-0.554511	0.577704	0.785039	0.548907	-0.287080	-0.157917	0.625475	0.764096
10891		5.925544	-2.585269	7.594428	0.014642	0.074814	0.000567	1.000000	0.000183	0.000935	0.000007	0.596746	-0.557831	0.576818	0.786871	0.547672	-0.284411	-0.157254	0.623603	0.765762
10892		5.894653	-2.436090	7.713553	-0.010180	0.076418	0.005200	1.000000	-0.000127	0.000955	0.000065	0.594790	-0.560925	0.575837	0.788578	0.546231	-0.282447	-0.156108	0.622089	0.767226
10893		5.901937	-2.419109	7.755072	-0.017477	0.055462	0.029415	1.000000	-0.000218	0.000693	0.000368	0.593374	-0.563222	0.575055	0.789834	0.545108	-0.281103	-0.155144	0.620997	0.768305
10894		5.794494	-2.625402	7.661467	-0.002867	0.040167	0.031359	1.000000	-0.000036	0.000502	0.000392	0.592068	-0.565132	0.574527	0.790899	0.544324	-0.279623	-0.154705	0.619949	0.769240
10895		5.780764	-2.575683	7.613105	0.012165	0.043778	0.038641	1.000000	0.000152	0.000547	0.000483	0.591070	-0.566863	0.573849	0.791682	0.543970	-0.278092	-0.154516	0.618678	0.770300
10896		5.889286	-2.451969	7.786690	0.009782	0.040296	0.038773	1.000000	0.000122	0.000504	0.000485	0.590195	-0.568415	0.573214	0.792369	0.543667	-0.276728	-0.154341	0.617520	0.771264
10897		5.818313	-2.641763	7.660602	-0.012961	0.030715	0.049886	1.000000	-0.000162	0.000384	0.000624	0.589609	-0.569572	0.572668	0.792898	0.543237	-0.276053	-0.153862	0.616831	0.771910
10898		5.688053	-2.503296	7.686220	0.013134	0.042359	0.036711	1.000000	0.000164	0.000529	0.000459	0.588927	-0.570977	0.571970	0.793429	0.543101	-0.274793	-0.153737	0.615651	0.772877
10899		5.791818	-2.502226	7.709595	0.042632	0.046536	0.007311	1.000000	0.000533	0.000582	0.000091	0.587774	-0.572765	0.571369	0.794207	0.543056	-0.272628	-0.154133	0.614029	0.774088
10900		5.882382	-2.681775	7.534160	0.067589	0.074437	0.001620	0.999999	0.000845	0.000930	0.000020	0.586705	-0.574974	0.570247	0.794902	0.543364	-0.269975	-0.154623	0.611687	0.775842
10901		5.694408	-2.511220	7.732637	0.084410	0.102865	0.001628	0.999999	0.001055	0.001286	0.000020	0.585854	-0.577501	0.568566	0.795445	0.543998	-0.267084	-0.155057	0.608735	0.778074
10902		5.699469	-2.507041	7.861087	0.073479	0.086965	-0.015628	0.999999	0.000918	0.001087	-0.000195	0.584677	-0.579950	0.567284	0.796222	0.544256	-0.264227	-0.155510	0.606171	0.779983
10903		5.696801	-2.596937	7.750564	0.071844	0.076443	-0.024525	0.999999	0.000898	0.000956	-0.000307	0.583353	-0.582300	0.566239	0.797081	0.544394	-0.261336	-0.156081	0.603790	0.781714
10904		5.676589	-2.533985	7.813569	0.077662	0.067844	-0.039377	0.999999	0.000971	0.000848	-0.000492	0.581776	-0.584651	0.565437	0.798072	0.544444	-0.258190	-0.156898	0.601469	0.783338
10905		5.793938	-2.410598	7.866208	0.053578	0.041685	-0.032221	1.000000	0.000670	0.000521	-0.000403	0.580307	-0.586452	0.565081	0.799000	0.544270	-0.255675	-0.157615	0.599870	0.784419
10906		5.741939	-2.455873	7.767406	0.028509	0.043710	-0.014078	1.000000	0.000356	0.000546	-0.000176	0.579263	-0.587986	0.564559	0.799719	0.544018	-0.253955	-0.157808	0.598595	0.785354
10907		5.674513	-2.571756	7.789172	0.041691	0.046923	-0.022826	1.000000	0.000521	0.000587	-0.000285	0.578114	-0.589632	0.564020	0.800468	0.543872	-0.251903	-0.158224	0.597108	0.786401
10908		5.799366	-2.402829	7.899888	0.033248	0.027773	-0.020888	1.000000	0.000416	0.000347	-0.000261	0.576991	-0.590911	0.563831	0.801174	0.543664	-0.250099	-0.158748	0.596032	0.787112
10909		5.754659	-2.423249	7.903286	-0.018704	-0.001129	0.013976	1.000000	-0.000234	-0.000014	0.000175	0.576496	-0.591244	0.563988	0.801550	0.543226	-0.249848	-0.158651	0.596101	0.787079
10910		5.711234	-2.316175	7.897457	-0.050972	-0.029377	0.048844	1.000000	-0.000637	-0.000367	0.000611	0.576632	-0.590647	0.564474	0.801519	0.542850	-0.250763	-0.158312	0.597035	0.786439
10911		5.877191	-2.529161	7.882238	-0.111507	-0.055232	0.084717	0.999998	-0.001394	-0.000690	0.001059	0.577418	-0.589151	0.565233	0.801186	0.542115	-0.253402	-0.157129	0.599176	0.785047
10912		5.764627	-2.702665	7.653558	-0.155655	-0.053582	0.131091	0.999997	-0.001946	-0.000670	0.001639	0.579185	-0.587009	0.565655	0.800316	0.541422	-0.257598	-0.155045	0.601899	0.783376
10913		5.691255	-2.739563	7.839365	-0.180198	-0.084403	0.177371	0.999994	-0.002252	-0.001055	0.002217	0.581813	-0.583721	0.566359	0.798815	0.541055	-0.262971	-0.152930	0.605416	0.781078
10914		5.494812	-2.432532	7.744513	-0.163204	-0.091094	0.160271	0.999995	-0.002040	-0.001139	0.002003	0.584116	-0.580527	0.567272	0.797453	0.540693	-0.267804	-0.151252	0.608802	0.778770
10915		5.785088	-2.390404	7.681670	-0.126369	-0.056720	0.119478	0.999997	-0.001580	-0.000709	0.001493	0.585753	-0.578399	0.567758	0.796526	0.540288	-0.271358	-0.149799	0.611183	0.777185
10916		5.812939	-3.121721	7.470961	-0.105680	-0.069418	0.177191	0.999996	-0.001321	-0.000868	0.002215	0.588505	-0.575275	0.568085	0.794653	0.541031	-0.275339	-0.148956	0.613469	0.775544
10917		5.252187	-2.202200	7.860385	-0.053408	-0.056362	0.118403	0.999998	-0.000668	-0.000705	0.001480	0.590193	-0.573081	0.568551	0.793397	0.541759	-0.277521	-0.148976	0.614878	0.774423
10918		5.500635	-2.929810	7.336833	0.051230	0.000074	-0.050829	1.000000	0.000640	0.000001	-0.000635	0.588719	-0.574081	0.569070	0.794260	0.541645	-0.275269	-0.150207	0.614045	0.774846
10919		5.604542	-3.069437	7.358836	0.195015	0.033214	-0.120100	0.999996	0.002438	0.000415	-0.001501	0.586033	-0.576491	0.569406	0.795554	0.542755	-0.269277	-0.153812	0.610799	0.776702
10920		5.837954	-2.410535	7.886189	0.213658	0.039348	-0.109417	0.999995	0.002671	0.000492	-0.001368	0.583632	-0.578804	0.569526	0.796556	0.544310	-0.263108	-0.157711	0.607218	0.778726
10921		5.897809	-2.453017	7.956154	0.122410	-0.006279	-0.036637	0.999999	0.001530	-0.000078	-0.000458	0.582506	-0.579430	0.570042	0.796830	0.545520	-0.259748	-0.160463	0.605532	0.779476
10922		6.114695	-2.517591	8.006761	-0.035756	-0.035701	0.039475	1.000000	-0.000447	-0.000446	0.000493	0.582786	-0.578566	0.570632	0.796619	0.545441	-0.260562	-0.160494	0.606428	0.778772
10923		5.722530	-2.710047	7.702070	-0.110502	-0.051303	0.077311	0.999998	-0.001381	-0.000641	0.000966	0.583772	-0.576932	0.571280	0.796142	0.544784	-0.263378	-0.159273	0.608572	0.777349
10924		5.764010	-2.672743	7.633942	-0.086855	-0.060070	0.076330	0.999999	-0.001086	-0.000751	0.000954	0.584726	-0.575157	0.572093	0.795566	0.544478	-0.265740	-0.158650	0.610523	0.775946
10925		5.752988	-2.814780	7.551079	-0.058541	-0.087686	0.085122	0.999999	-0.000732	-0.001096	0.001064	0.585764	-0.572819	0.573375	0.794733	0.544738	-0.267696	-0.158998	0.612486	0.774326
10926		5.796338	-2.646812	7.670940	-0.041102	-0.163788	0.159763	0.999996	-0.000514	-0.002047	0.001997	0.587999	-0.568264	0.575615	0.792714	0.546336	-0.270410	-0.160815	0.615299	0.771716
10927		5.286514	-2.516639	7.722520	-0.011144	-0.138998	0.089579	0.999998	-0.000139	-0.001737	0.001120	0.588943	-0.565025	0.577834	0.791593	0.547393	-0.271553	-0.162868	0.617339	0.769653
10928		5.815988	-2.932930	7.418589	0.067406	-0.058068	-0.014441	0.999999	0.000843	-0.000726	-0.000181	0.588149	-0.564476	0.579178	0.791689	0.548175	-0.269692	-0.165256	0.617148	0.769298
10929		5.938094	-2.750700	7.512613	0.092313	-0.006913	-0.031651	0.999999	0.001154	-0.000086	-0.000396	0.587250	-0.564925	0.579653	0.791908	0.549115	-0.267124	-0.167391	0.615900	0.769836
10930		5.787116	-2.659633	7.618676	0.134720	0.017079	-0.033849	0.999998	0.001684	0.000213	-0.000423	0.586426	-0.565752	0.579680	0.791958	0.550686	-0.263719	-0.170022	0.613734	0.770989
10931		5.804829	-2.680750	7.576210	0.158915	0.037325	-0.047587	0.999998	0.001986	0.000467	-0.000595	0.585429	-0.567071	0.579399	0.792086	0.552430	-0.259655	-0.172835	0.610943	0.772578
10932		5.654678	-2.728941	7.632599	0.192137	0.057145	-0.071049	0.999996	0.002402	0.000714	-0.000888	0.584070	-0.569003	0.578876	0.792389	0.554340	-0.254613	-0.176018	0.607407	0.774645
10933		5.699829	-2.579425	7.724655	0.192675	0.061515	-0.092317	0.999996	0.002408	0.000769	-0.001154	0.582326	-0.571288	0.578383	0.792971	0.555937	-0.249260	-0.179146	0.603791	0.776752
10934		5.954498	-2.732588	7.582118	0.183064	0.093852	-0.101604	0.999996	0.002288	0.001173	-0.001270	0.580555	-0.574183	0.577295	0.793709	0.557235	-0.243960	-0.181611	0.599836	0.779239
10935		5.810242	-2.510836	7.754390	0.132071	0.103117	-0.084303	0.999997	0.001651	0.001289	-0.001054	0.579194	-0.576945	0.575907	0.794396	0.558011	-0.239913	-0.182946	0.596455	0.781519
10936		5.823996	-2.312254	7.920460	0.060392	0.045795	-0.054644	0.999999	0.000755	0.000572	-0.000683	0.578171	-0.578425	0.575450	0.794970	0.558141	-0.237701	-0.183690	0.594897	0.782531
10937		5.734577	-2.440568	7.779379	0.038764	0.027841	-0.048283	1.000000	0.000485	0.000348	-0.000604	0.577192	-0.579551	0.575300	0.795548	0.558036	-0.236004	-0.184262	0.593899	0.783155
10938		5.940441	-2.487068	7.661655	0.034952	0.033345	-0.051627	1.000000	0.000437	0.000417	-0.000645	0.576179	-0.580800	0.575055	0.796186	0.557828	-0.234342	-0.184676	0.592874	0.783834
10939		5.790231	-2.463970	7.717181	0.052460	0.059637	-0.056722	0.999999	0.000656	0.000745	-0.000709	0.575200	-0.582490	0.574326	0.796803	0.557813	-0.232272	-0.185070	0.591227	0.784984
10940		5.873567	-2.334273	7.763600	0.042949	0.062526	-0.051771	0.999999	0.000537	0.000782	-0.000647	0.574343	-0.584142	0.573505	0.797382	0.557732	-0.230470	-0.185235	0.589672	0.786114
10941		5.802098	-2.533985	7.695780	0.057192	0.063376	-0.055508	0.999999	0.000715	0.000792	-0.000694	0.573422	-0.585847	0.572687	0.797941	0.557809	-0.228338	-0.185679	0.587905	0.787332
10942		5.793445	-2.230371	7.809086	0.072834	0.085416	-0.057157	0.999999	0.000910	0.001068	-0.000714	0.572584	-0.587883	0.571438	0.798440	0.558094	-0.225886	-0.186122	0.585598	0.788945
10943		5.765409	-2.322723	7.881375	0.052649	0.061969	-0.040335	0.999999	0.000658	0.000775	-0.000504	0.571976	-0.589334	0.570551	0.798787	0.558328	-0.224074	-0.186500	0.583914	0.790102
10944		5.684391	-2.261878	7.905579	0.019143	0.029124	-0.028140	1.000000	0.000239	0.000364	-0.000352	0.571464	-0.590131	0.570241	0.799112	0.558251	-0.223103	-0.186678	0.583182	0.790601
10945		5.839548	-2.239711	7.822128	-0.015761	0.000642	-0.004337	1.000000	-0.000197	0.000008	-0.000054	0.571295	-0.590182	0.570357	0.799260	0.558015	-0.223165	-0.186560	0.583357	0.790500
10946		5.798295	-2.366136	7.771676	-0.007990	0.003462	0.001072	1.000000	-0.000100	0.000043	0.000013	0.571254	-0.590192	0.570388	0.799290	0.557977	-0.223152	-0.186561	0.583382	0.790481
10947		5.734825	-2.352927	7.838890	0.004154	0.008993	-0.009350	1.000000	0.000052	0.000112	-0.000117	0.571036	-0.590420	0.570370	0.799407	0.557967	-0.222759	-0.186726	0.583161	0.790605
10948		5.755606	-2.335775	7.783758	0.009118	0.009339	-0.014189	1.000000	0.000114	0.000117	-0.000177	0.570730	-0.590716	0.570370	0.799565	0.557961	-0.222204	-0.186985	0.582866	0.790761
10949		5.772343	-2.326686	7.765237	0.014516	0.024405	-0.014619	1.000000	0.000181	0.000305	-0.000183	0.570492	-0.591232	0.570073	0.799699	0.558032	-0.221543	-0.187135	0.582276	0.791161
10950		5.733504	-2.288237	7.809119	0.014841	0.032642	-0.010211	1.000000	0.000186	0.000408	-0.000128	0.570386	-0.591800	0.569590	0.799765	0.558175	-0.220943	-0.187178	0.581561	0.791676
10951		5.699553	-2.332193	7.831999	0.014670	0.032623	-0.010892	1.000000	0.000183	0.000408	-0.000136	0.570268	-0.592374	0.569111	0.799841	0.558305	-0.220342	-0.187212	0.580852	0.792189
10952		5.758258	-2.302568	7.845909	0.012284	0.023537	-0.011293	1.000000	0.000154	0.000294	-0.000141	0.570104	-0.592819	0.568811	0.799931	0.558394	-0.219787	-0.187327	0.580311	0.792558
10953		5.716774	-2.258000	7.867745	0.006994	0.012129	-0.011185	1.000000	0.000087	0.000152	-0.000140	0.569897	-0.593092	0.568735	0.800039	0.558414	-0.219344	-0.187499	0.580013	0.792735
10954		5.754146	-2.293738	7.795223	0.003944	0.014107	-0.005170	1.000000	0.000049	0.000176	-0.000065	0.569820	-0.593308	0.568586	0.800074	0.558480	-0.219048	-0.187581	0.579729	0.792923
10955		5.741317	-2.300444	7.792637	0.009877	0.023912	-0.000638	1.000000	0.000123	0.000299	-0.000008	0.569883	-0.593599	0.568219	0.800015	0.558699	-0.218704	-0.187641	0.579220	0.793282
10956		5.734464	-2.334195	7.822060	0.016196	0.024534	-0.007939	1.000000	0.000202	0.000307	-0.000099	0.569806	-0.593998	0.567880	0.800029	0.558901	-0.218136	-0.187817	0.578616	0.793681
10957		5.670466	-2.326452	7.836335	0.021626	0.028809	-0.013890	1.000000	0.000270	0.000360	-0.000174	0.569639	-0.594534	0.567486	0.800095	0.559101	-0.217380	-0.188042	0.577871	0.794169
10958		5.710665	-2.284129	7.849065	0.018604	0.024141	-0.018619	1.000000	0.000233	0.000302	-0.000233	0.569358	-0.595068	0.567209	0.800241	0.559185	-0.216623	-0.188270	0.577240	0.794574
10959		5.685607	-2.261517	7.863966	0.017186	0.020450	-0.017948	1.000000	0.000215	0.000256	-0.000224	0.569072	-0.595537	0.567003	0.800385	0.559258	-0.215904	-0.188522	0.576686	0.794917
10960		5.745514	-2.291647	7.836230	0.016033	0.017611	-0.017250	1.000000	0.000200	0.000220	-0.000216	0.568790	-0.595956	0.566847	0.800524	0.559321	-0.215225	-0.188785	0.576192	0.795213
10961		5.669190	-2.260965	7.888164	0.012551	0.007448	-0.013172	1.000000	0.000157	0.000093	-0.000165	0.568542	-0.596166	0.566873	0.800618	0.559399	-0.214670	-0.189129	0.575898	0.795344
10962		5.724293	-2.245727	7.848105	0.000378	-0.000984	-0.008771	1.000000	0.000005	-0.000012	-0.000110	0.568344	-0.596197	0.567040	0.800712	0.559356	-0.214434	-0.189332	0.575908	0.795288
10963		5.732303	-2.262449	7.811927	-0.000786	0.006049	-0.006988	1.000000	-0.000010	0.000076	-0.000087	0.568238	-0.596287	0.567051	0.800761	0.559361	-0.214236	-0.189440	0.575810	0.795334
10964		5.695796	-2.304194	7.834033	0.000390	0.010539	-0.009663	1.000000	0.000005	0.000132	-0.000121	0.568081	-0.596490	0.566994	0.800863	0.559309	-0.213993	-0.189480	0.575650	0.795440
10965		5.729741	-2.275348	7.837340	-0.001385	0.006573	-0.008204	1.000000	-0.000017	0.000082	-0.000103	0.567939	-0.596611	0.567010	0.800947	0.559262	-0.213801	-0.189551	0.575570	0.795480
10966		5.714048	-2.278345	7.868526	0.003940	0.007046	-0.005974	1.000000	0.000049	0.000088	-0.000075	0.567825	-0.596717	0.567012	0.800991	0.559297	-0.213541	-0.189704	0.575426	0.795548
10967		5.716151	-2.282681	7.857250	0.001695	0.003276	-0.008653	1.000000	0.000021	0.000041	-0.000108	0.567664	-0.596793	0.567094	0.801065	0.559286	-0.213293	-0.189876	0.575357	0.795557
10968		5.713230	-2.260397	7.847045	-0.001148	0.005768	-0.006214	1.000000	-0.000014	0.000072	-0.000078	0.567560	-0.596873	0.567114	0.801122	0.559262	-0.213143	-0.189947	0.575299	0.795583
10969		5.707106	-2.240866	7.860495	-0.005141	0.005425	-0.003068	1.000000	-0.000064	0.000068	-0.000038	0.567521	-0.596895	0.567130	0.801143	0.559251	-0.213092	-0.189975	0.575286	0.795585
10970		5.717189	-2.295685	7.857877	-0.006352	-0.000819	-0.004144	1.000000	-0.000079	-0.000010	-0.000052	0.567426	-0.596852	0.567270	0.801199	0.559172	-0.213087	-0.190020	0.575408	0.795486
10971		5.728980	-2.266195	7.860852	-0.007213	-0.001148	-0.005383	1.000000	-0.000090	-0.000014	-0.000067	0.567323	-0.596811	0.567417	0.801263	0.559081	-0.213087	-0.190060	0.575539	0.795382
10972		5.745478	-2.201799	7.870218	-0.011651	-0.008245	-0.001428	1.000000	-0.000146	-0.000103	-0.000018	0.567315	-0.596581	0.567666	0.801243	0.559063	-0.213209	-0.190164	0.575796	0.795171
10973		5.730159	-2.303955	7.827216	-0.011380	-0.005886	0.004469	1.000000	-0.000142	-0.000074	0.000056	0.567369	-0.596341	0.567864	0.801201	0.559039	-0.213429	-0.190182	0.576067	0.794970
10974		5.714148	-2.308946	7.824103	-0.005785	-0.000181	-0.000653	1.000000	-0.000072	-0.000002	-0.000008	0.567356	-0.596246	0.567977	0.801195	0.559038	-0.213458	-0.190247	0.576167	0.794882
10975		5.743895	-2.262304	7.838988	-0.002589	0.001837	-0.003409	1.000000	-0.000032	0.000023	-0.000043	0.567376	-0.596181	0.568025	0.801153	0.559116	-0.213408	-0.190363	0.576158	0.794861
10976		5.743528	-2.262521	7.839193	-0.002454	0.003016	-0.000459	1.000000	-0.000031	0.000038	-0.000006	0.567402	-0.596123	0.568060	0.801123	0.559156	-0.213416	-0.190412	0.576178	0.794834
10977		5.717723	-2.309483	7.833156	-0.001731	0.003574	-0.002015	1.000000	-0.000022	0.000045	-0.000025	0.567329	-0.596134	0.568121	0.801173	0.559092	-0.213396	-0.190420	0.576229	0.794796
10978		5.721188	-2.246514	7.850144	-0.003735	-0.002409	-0.002860	1.000000	-0.000047	-0.000030	-0.000036	0.567352	-0.595982	0.568257	0.801107	0.559208	-0.213340	-0.190627	0.576273	0.794714
10979		5.763384	-2.259351	7.816835	-0.009663	-0.008149	0.000915	1.000000	-0.000121	-0.000102	0.000011	0.567296	-0.595763	0.568544	0.801119	0.559153	-0.213438	-0.190745	0.576554	0.794482
10980		5.743694	-2.307308	7.817850	-0.006672	-0.002165	0.000074	1.000000	-0.000083	-0.000027	0.000001	0.567232	-0.595668	0.568706	0.801172	0.559030	-0.213563	-0.190711	0.576771	0.794333
10981		5.738062	-2.253642	7.828794	-0.003075	0.000474	0.000139	1.000000	-0.000038	0.000006	0.000002	0.567240	-0.595569	0.568802	0.801144	0.559068	-0.213567	-0.190805	0.576836	0.794263
10982		5.731936	-2.303371	7.812415	0.000290	0.001100	-0.002098	1.000000	0.000004	0.000014	-0.000026	0.567182	-0.595496	0.568937	0.801129	0.559152	-0.213403	-0.191041	0.576831	0.794210
10983		5.744649	-2.273789	7.848744	0.001995	0.004479	-0.005029	1.000000	0.000025	0.000056	-0.000063	0.567058	-0.595554	0.568999	0.801198	0.559107	-0.213264	-0.191122	0.576814	0.794203
10984		5.742344	-2.271751	7.817062	0.000550	0.003362	-0.001918	1.000000	0.000007	0.000042	-0.000024	0.567022	-0.595532	0.569058	0.801204	0.559119	-0.213207	-0.191199	0.576825	0.794176
10985		5.737042	-2.279361	7.820538	0.000047	0.004723	-0.003780	1.000000	0.000001	0.000059	-0.000047	0.566952	-0.595543	0.569117	0.801227	0.559136	-0.213080	-0.191316	0.576798	0.794168
10986		5.747633	-2.256633	7.836099	-0.002426	0.003262	-0.002582	1.000000	-0.000030	0.000041	-0.000032	0.566906	-0.595524	0.569183	0.801247	0.559120	-0.213045	-0.191368	0.576832	0.794130
10987		5.731385	-2.287311	7.824176	-0.002855	0.002394	-0.003279	1.000000	-0.000036	0.000030	-0.000041	0.566840	-0.595534	0.569239	0.801314	0.558995	-0.213121	-0.191281	0.576944	0.794070
10988		5.749943	-2.255104	7.812733	-0.003978	0.001214	-0.004544	1.000000	-0.000050	0.000015	-0.000057	0.566910	-0.595438	0.569268	0.801250	0.559074	-0.213156	-0.191342	0.576966	0.794039
10989		5.743122	-2.285125	7.817766	-0.004273	0.001523	-0.002292	1.000000	-0.000053	0.000019	-0.000029	0.566828	-0.595388	0.569403	0.801285	0.559040	-0.213110	-0.191436	0.577051	0.793955
10990		5.739840	-2.271819	7.818881	-0.001212	0.006688	-0.001810	1.000000	-0.000015	0.000084	-0.000023	0.566746	-0.595451	0.569418	0.801361	0.558928	-0.213118	-0.191363	0.577094	0.793942
10991		5.726890	-2.274517	7.826029	-0.002264	0.004687	-0.001755	1.000000	-0.000028	0.000059	-0.000022	0.566676	-0.595501	0.569435	0.801455	0.558742	-0.213253	-0.191175	0.577223	0.793893
10992		5.747917	-2.291104	7.815876	-0.001832	0.004146	-0.001213	1.000000	-0.000023	0.000052	-0.000015	0.566688	-0.595476	0.569449	0.801449	0.558738	-0.213287	-0.191166	0.577252	0.793874
10993		5.744389	-2.277725	7.817194	-0.001141	0.005867	-0.000490	1.000000	-0.000014	0.000073	-0.000006	0.566756	-0.595476	0.569383	0.801410	0.558779	-0.213327	-0.191128	0.577213	0.793911
10994		5.759379	-2.274458	7.820565	0.002284	0.009901	-0.000941	1.000000	0.000029	0.000124	-0.000012	0.567004	-0.595444	0.569168	0.801228	0.559036	-0.213338	-0.191154	0.576997	0.794062
10995		5.757260	-2.281436	7.833728	0.003074	0.011049	-0.001021	1.000000	0.000038	0.000138	-0.000013	0.567112	-0.595517	0.568984	0.801185	0.559071	-0.213406	-0.191016	0.576887	0.794175
10996		5.741117	-2.289514	7.821338	0.004388	0.013900	-0.001053	1.000000	0.000055	0.000174	-0.000013	0.567028	-0.595670	0.568908	0.801273	0.558957	-0.213374	-0.190894	0.576840	0.794238
10997		5.754582	-2.265709	7.846938	0.001952	0.009868	-0.002289	1.000000	0.000024	0.000123	-0.000029	0.567016	-0.595743	0.568845	0.801308	0.558891	-0.213413	-0.190783	0.576829	0.794274
10998		5.741920	-2.280371	7.821621	-0.000814	0.007307	0.001006	1.000000	-0.000010	0.000091	0.000013	0.566809	-0.595782	0.569009	0.801439	0.558746	-0.213303	-0.190849	0.576928	0.794186
10999		5.745284	-2.299433	7.810331	0.005085	0.012801	-0.000641	1.000000	0.000064	0.000160	-0.000008	0.567091	-0.595797	0.568711	0.801225	0.559078	-0.213237	-0.190908	0.576591	0.794416
11000		5.723092	-2.295291	7.822832	0.005892	0.018422	-0.002384	1.000000	0.000074	0.000230	-0.000030	0.567541	-0.595805	0.568255	0.800830	0.559763	-0.212923	-0.191228	0.575919	0.794827
11001		5.763923	-2.257223	7.833919	0.008967	0.017948	-0.002521	1.000000	0.000112	0.000224	-0.000032	0.567571	-0.596025	0.567995	0.800864	0.559710	-0.212935	-0.190998	0.575742	0.795010
11002		5.709977	-2.305983	7.810854	0.007815	0.016520	-0.001666	1.000000	0.000098	0.000207	-0.000021	0.567763	-0.596122	0.567701	0.800727	0.559943	-0.212839	-0.191002	0.575416	0.795245
11003		5.721799	-2.261638	7.858666	0.003885	0.015255	-0.002929	1.000000	0.000049	0.000191	-0.000037	0.567463	-0.596388	0.567722	0.800979	0.559621	-0.212736	-0.190836	0.575453	0.795258
11004		5.724053	-2.245612	7.846265	-0.001193	0.011253	0.002235	1.000000	-0.000015	0.000141	0.000028	0.567768	-0.596352	0.567453	0.800813	0.559763	-0.212986	-0.190625	0.575351	0.795383
11005		5.723002	-2.301255	7.827947	-0.000767	0.012121	0.002931	1.000000	-0.000010	0.000152	0.000037	0.567936	-0.596336	0.567302	0.800710	0.559878	-0.213073	-0.190557	0.575256	0.795467
11006		5.727123	-2.286937	7.847549	0.001222	0.010714	-0.000590	1.000000	0.000015	0.000134	-0.000007	0.568000	-0.596360	0.567213	0.800670	0.559936	-0.213071	-0.190536	0.575175	0.795531
11007		5.725236	-2.278919	7.837654	0.002181	0.010468	-0.000151	1.000000	0.000027	0.000131	-0.000002	0.567561	-0.596613	0.567387	0.801063	0.559340	-0.213157	-0.190190	0.575492	0.795384
11008		5.720531	-2.264958	7.839965	0.001915	0.011025	-0.000024	1.000000	0.000024	0.000138	-0.000000	0.567451	-0.596629	0.567480	0.801086	0.559402	-0.212908	-0.190422	0.575415	0.795385
11009		5.718937	-2.292223	7.831757	0.001547	0.012154	0.000905	1.000000	0.000019	0.000152	0.000011	0.567494	-0.596545	0.567526	0.800991	0.559610	-0.212721	-0.190695	0.575301	0.795402
11010		5.727672	-2.269461	7.848649	0.001648	0.011580	0.000103	1.000000	0.000021	0.000145	0.000001	0.567388	-0.596887	0.567270	0.801268	0.559020	-0.213228	-0.189842	0.575519	0.795448
11011		5.720872	-2.269633	7.841752	0.001812	0.011596	0.000775	1.000000	0.000023	0.000145	0.000010	0.567258	-0.596895	0.567393	0.801306	0.559057	-0.212990	-0.190072	0.575475	0.795425
11012		5.718488	-2.277283	7.854858	0.000295	0.009891	0.002410	1.000000	0.000004	0.000124	0.000030	0.567430	-0.596971	0.567141	0.801262	0.559022	-0.213245	-0.189744	0.575430	0.795536
11013		5.698584	-2.287149	7.832867	-0.002997	0.006942	0.000086	1.000000	-0.000037	0.000087	0.000001	0.567388	-0.596979	0.567175	0.801327	0.558876	-0.213385	-0.189594	0.575564	0.795475
11014		5.715402	-2.270343	7.845534	0.001458	0.008500	0.001247	1.000000	0.000018	0.000106	0.000016	0.567278	-0.597228	0.567022	0.801562	0.558380	-0.213798	-0.188928	0.575787	0.795472
11015		5.708975	-2.278313	7.849682	0.001458	0.008500	0.001247	1.000000	0.000018	0.000106	0.000016	0.566901	-0.597299	0.567324	0.801834	0.558010	-0.213744	-0.188903	0.576072	0.795272
11016		5.726586	-2.280909	7.841119	0.001924	0.008205	-0.000332	1.000000	0.000024	0.000103	-0.000004	0.566873	-0.597164	0.567494	0.801783	0.558149	-0.213576	-0.189206	0.576077	0.795196
11017		5.738626	-2.271573	7.856886	0.002252	0.008238	0.001014	1.000000	0.000028	0.000103	0.000013	0.566259	-0.597507	0.567747	0.802313	0.557364	-0.213631	-0.188796	0.576481	0.795000
11018		5.687392	-2.288067	7.862714	0.001396	0.007910	-0.000229	1.000000	0.000017	0.000099	-0.000003	0.566186	-0.597555	0.567769	0.802329	0.557418	-0.213430	-0.188948	0.576379	0.795039
11019		5.738374	-2.269327	7.835757	0.000863	0.009022	0.000026	1.000000	0.000011	0.000113	0.000000	0.565342	-0.598175	0.567958	0.803115	0.556220	-0.213602	-0.188138	0.576893	0.794857
11020		5.708172	-2.282647	7.852402	-0.000122	0.006205	0.001405	1.000000	-0.000002	0.000078	0.000018	0.565536	-0.597891	0.568063	0.802858	0.556675	-0.213380	-0.188648	0.576748	0.794842
11021		5.704051	-2.276769	7.865497	0.000606	0.006762	-0.000149	1.000000	0.000008	0.000085	-0.000002	0.564959	-0.598047	0.568472	0.803257	0.556177	-0.213180	-0.188679	0.577067	0.794603
11022		5.722170	-2.279665	7.856506	-0.000118	0.004797	0.001254	1.000000	-0.000001	0.000060	0.000016	0.565034	-0.598018	0.568429	0.803203	0.556245	-0.213206	-0.188685	0.577032	0.794627
11023		5.712306	-2.288796	7.851013	-0.003810	0.001324	0.001830	1.000000	-0.000048	0.000017	0.000023	0.564945	-0.598199	0.568327	0.803413	0.555771	-0.213650	-0.188054	0.577302	0.794581
11024		5.731030	-2.284524	7.830099	0.000508	0.005927	0.000500	1.000000	0.000006	0.000074	0.000006	0.564987	-0.597956	0.568541	0.803310	0.555950	-0.213574	-0.188372	0.577381	0.794448
11025		5.714715	-2.280809	7.849804	0.003078	0.009628	-0.001192	1.000000	0.000038	0.000120	-0.000015	0.565176	-0.598011	0.568294	0.803210	0.556056	-0.213670	-0.188226	0.577221	0.794599
11026		5.714490	-2.273699	7.872208	0.002812	0.010185	-0.001065	1.000000	0.000035	0.000127	-0.000013	0.565078	-0.597953	0.568453	0.803165	0.556284	-0.213245	-0.188711	0.577062	0.794599
11027		5.704028	-2.274197	7.856085	0.000775	0.005370	0.000372	1.000000	0.000010	0.000067	0.000005	0.564680	-0.598107	0.568686	0.803517	0.555724	-0.213382	-0.188408	0.577441	0.794396
11028		5.712456	-2.257783	7.851174	0.001672	0.004536	-0.000660	1.000000	0.000021	0.000057	-0.000008	0.564262	-0.598477	0.568712	0.803965	0.554968	-0.213661	-0.187745	0.577786	0.794302
11029		5.714089	-2.278771	7.862644	-0.000440	0.003356	-0.000245	1.000000	-0.000006	0.000042	-0.000003	0.563964	-0.598549	0.568932	0.804211	0.554584	-0.213733	-0.187591	0.578079	0.794125
11030		5.707193	-2.277955	7.822374	0.000769	0.006778	0.000522	1.000000	0.000010	0.000085	0.000007	0.564261	-0.598301	0.568899	0.803933	0.555003	-0.213691	-0.187889	0.577934	0.794160
11031		5.720729	-2.269707	7.870464	0.004303	0.008826	-0.000879	1.000000	0.000054	0.000110	-0.000011	0.563490	-0.598868	0.569066	0.804594	0.554071	-0.213622	-0.187372	0.578240	0.794059
11032		5.700892	-2.278140	7.848840	0.004994	0.009137	-0.000310	1.000000	0.000062	0.000114	-0.000004	0.562582	-0.599415	0.569388	0.805404	0.552826	-0.213796	-0.186620	0.578865	0.793781
11033		5.715704	-2.274173	7.852661	0.003083	0.008219	-0.001346	1.000000	0.000039	0.000103	-0.000017	0.562014	-0.600004	0.569330	0.806004	0.551842	-0.214073	-0.185735	0.579194	0.793748
11034		5.716856	-2.287192	7.853239	0.001134	0.007055	-0.000258	1.000000	0.000014	0.000088	-0.000003	0.561735	-0.600083	0.569521	0.806254	0.551419	-0.214222	-0.185494	0.579515	0.793571
11035		5.708553	-2.273736	7.846200	0.001504	0.005926	-0.001185	1.000000	0.000019	0.000074	-0.000015	0.561451	-0.600295	0.569578	0.806476	0.551139	-0.214108	-0.185389	0.579562	0.793561
11036		5.697211	-2.261482	7.862933	0.004940	0.007139	-0.001935	1.000000	0.000062	0.000089	-0.000024	0.560393	-0.601330	0.569528	0.807550	0.549406	-0.214514	-0.183908	0.580134	0.793487
11037		5.707643	-2.265561	7.869376	0.003577	0.006860	0.000523	1.000000	0.000045	0.000086	0.000007	0.560681	-0.600874	0.569726	0.807232	0.549894	-0.214459	-0.184426	0.580144	0.793360
11038		5.712099	-2.276872	7.846144	0.001504	0.005925	-0.001186	1.000000	0.000019	0.000074	-0.000015	0.560256	-0.600895	0.570121	0.807555	0.549390	-0.214537	-0.184304	0.580600	0.793055
11039		5.722913	-2.273659	7.840883	0.003251	0.006826	-0.000824	1.000000	0.000041	0.000085	-0.000010	0.559939	-0.601127	0.570188	0.807821	0.549014	-0.214497	-0.184101	0.580715	0.793017
11040		5.712537	-2.273436	7.824927	0.005828	0.009118	-0.002667	1.000000	0.000073	0.000114	-0.000033	0.559734	-0.601391	0.570111	0.808034	0.548683	-0.214540	-0.183788	0.580755	0.793061
11041		5.730676	-2.248556	7.859125	0.005456	0.010247	-0.001742	1.000000	0.000068	0.000128	-0.000022	0.559938	-0.601402	0.569899	0.807836	0.549072	-0.214293	-0.184039	0.580376	0.793280
11042		5.712901	-2.277897	7.848708	0.005613	0.011671	-0.000921	1.000000	0.000070	0.000146	-0.000012	0.559694	-0.601788	0.569731	0.808099	0.548675	-0.214316	-0.183625	0.580351	0.793395
11043		5.700737	-2.264991	7.866183	0.006884	0.009706	-0.002877	1.000000	0.000086	0.000121	-0.000036	0.559266	-0.602077	0.569847	0.808466	0.548133	-0.214320	-0.183315	0.580563	0.793311
11044		5.699142	-2.263491	7.867770	0.004081	0.008215	-0.003033	1.000000	0.000051	0.000103	-0.000038	0.559842	-0.601558	0.569828	0.807900	0.549041	-0.214128	-0.184049	0.580242	0.793376
11045		5.709323	-2.232064	7.872512	0.003669	0.004532	-0.004026	1.000000	0.000046	0.000057	-0.000050	0.560589	-0.600589	0.570117	0.807077	0.550383	-0.213788	-0.185384	0.579975	0.793260
11046		5.700418	-2.260097	7.845949	-0.000059	0.003978	0.002569	1.000000	-0.000001	0.000050	0.000032	0.560942	-0.600400	0.569969	0.806844	0.550628	-0.214039	-0.185332	0.579939	0.793299
11047		5.699088	-2.275531	7.869524	0.000841	0.003144	0.001540	1.000000	0.000011	0.000039	0.000019	0.560789	-0.600333	0.570189	0.806954	0.550435	-0.214117	-0.185311	0.580191	0.793119
11048		5.697114	-2.274256	7.837683	-0.000237	0.003615	-0.001702	1.000000	-0.000003	0.000045	-0.000021	0.560399	-0.600788	0.570094	0.807475	0.549433	-0.214727	-0.184223	0.580669	0.793023
11049		5.713103	-2.263515	7.829107	-0.000018	0.004222	0.000445	1.000000	-0.000000	0.000053	0.000006	0.560087	-0.601151	0.570018	0.807805	0.548899	-0.214852	-0.183724	0.580799	0.793044
11050		5.708986	-2.264956	7.853545	0.002623	0.005696	-0.000074	1.000000	0.000033	0.000071	-0.000001	0.559795	-0.601168	0.570287	0.807981	0.548697	-0.214706	-0.183841	0.580972	0.792890
11051		5.716931	-2.256111	7.860351	0.001194	0.006236	0.001058	1.000000	0.000015	0.000078	0.000013	0.559254	-0.601323	0.570654	0.808343	0.548253	-0.214477	-0.183893	0.581231	0.792688
11052		5.723178	-2.261331	7.857756	0.001672	0.004533	-0.000666	1.000000	0.000021	0.000057	-0.000008	0.559112	-0.601665	0.570432	0.808579	0.547803	-0.214736	-0.183286	0.581301	0.792777
