// Start Time: Unknown
// Update Rate: 40.0Hz
// Filter Profile: human (46.1)
// Firmware Version: 4.3.4
PacketCounter	SampleTimeFine	Acc_X	Acc_Y	Acc_Z	Gyr_X	Gyr_Y	Gyr_Z	OriInc_q0	OriInc_q1	OriInc_q2	OriInc_q3	Mat[1][1]	Mat[2][1]	Mat[3][1]	Mat[1][2]	Mat[2][2]	Mat[3][2]	Mat[1][3]	Mat[2][3]	Mat[3][3]
10839		9.621229	-1.623191	1.767448	0.059175	-0.110167	-0.063296	0.999998	0.000740	-0.001377	-0.000791	0.178397	-0.165743	0.969899	0.981902	0.093687	-0.164594	-0.063586	0.981709	0.179457
10840		10.037141	-1.884840	1.705057	0.062140	-0.133204	-0.119859	0.999997	0.000777	-0.001665	-0.001498	0.175238	-0.162755	0.970980	0.982331	0.094720	-0.161410	-0.065701	0.982109	0.176478
10841		10.620746	-2.157499	1.513380	0.059939	-0.106054	-0.152923	0.999997	0.000749	-0.001326	-0.001912	0.171306	-0.160448	0.972065	0.982896	0.095536	-0.157446	-0.067605	0.982410	0.174070
10842		10.527029	-2.111793	1.632080	0.036669	-0.068970	-0.175949	0.999997	0.000458	-0.000862	-0.002199	0.166894	-0.159066	0.973059	0.983574	0.095688	-0.153055	-0.068764	0.982620	0.172423
10843		10.213290	-1.796299	1.641394	0.038057	-0.092861	-0.236849	0.999995	0.000476	-0.001161	-0.002961	0.160996	-0.157236	0.974350	0.984466	0.095655	-0.147231	-0.070051	0.982918	0.170193
10844		10.282225	-1.744956	1.575572	0.048463	-0.051717	-0.331819	0.999991	0.000606	-0.000646	-0.004148	0.152858	-0.156597	0.975762	0.985665	0.095502	-0.139083	-0.071407	0.983034	0.168950
10845		10.175741	-1.691378	1.642325	0.084757	0.004393	-0.403187	0.999987	0.001059	0.000055	-0.005040	0.143094	-0.157404	0.977112	0.986983	0.095929	-0.129086	-0.073414	0.982864	0.169082
10846		9.790394	-1.491042	1.621718	0.132464	0.061740	-0.454923	0.999982	0.001656	0.000772	-0.005687	0.132214	-0.159762	0.978261	0.988271	0.097331	-0.117671	-0.076415	0.982346	0.170757
10847		9.594978	-1.564613	1.538693	0.169333	0.128517	-0.474387	0.999979	0.002117	0.001606	-0.005930	0.121054	-0.163775	0.979042	0.989408	0.099507	-0.105690	-0.080113	0.981466	0.174086
10848		9.550028	-1.556239	1.410684	0.218420	0.185361	-0.476444	0.999976	0.002730	0.002317	-0.005955	0.110062	-0.169262	0.979406	0.990290	0.102872	-0.093506	-0.084926	0.980188	0.178941
10849		9.497026	-1.578270	1.486131	0.242626	0.183270	-0.475154	0.999975	0.003033	0.002291	-0.005939	0.099311	-0.174637	0.979612	0.990944	0.106770	-0.081426	-0.090374	0.978827	0.183659
10850		9.567438	-1.549027	1.394857	0.285564	0.206209	-0.462460	0.999974	0.003570	0.002578	-0.005781	0.089029	-0.180416	0.979553	0.991305	0.111724	-0.069520	-0.096897	0.977224	0.188794
10851		9.734431	-1.500627	1.304206	0.340929	0.277152	-0.423575	0.999971	0.004262	0.003464	-0.005295	0.080327	-0.187830	0.978911	0.991263	0.118129	-0.058674	-0.104617	0.975072	0.195678
10852		9.992523	-1.407715	1.214666	0.417785	0.342464	-0.412429	0.999964	0.005222	0.004281	-0.005155	0.072217	-0.196697	0.977801	0.990828	0.126411	-0.047750	-0.114213	0.972281	0.204022
10853		10.120560	-1.451471	1.313424	0.507456	0.379704	-0.398742	0.999956	0.006343	0.004746	-0.004984	0.065005	-0.206134	0.976362	0.989901	0.136842	-0.037016	-0.125978	0.968908	0.212948
10854		10.070886	-1.287205	1.461834	0.557302	0.437075	-0.357048	0.999951	0.006966	0.005463	-0.004463	0.059311	-0.216650	0.974446	0.988521	0.148632	-0.027122	-0.138958	0.964869	0.222978
10855		9.764067	-1.082474	1.541040	0.556958	0.501243	-0.294404	0.999949	0.006962	0.006265	-0.003680	0.055613	-0.228458	0.971964	0.986836	0.160639	-0.018706	-0.151862	0.960209	0.234384
10856		9.297713	-1.144020	1.815401	0.551641	0.494266	-0.233010	0.999953	0.006895	0.006178	-0.002913	0.053482	-0.239728	0.969366	0.984863	0.172950	-0.011566	-0.164879	0.955311	0.245348
10857		8.920472	-0.838140	2.063748	0.546740	0.507874	-0.171894	0.999954	0.006834	0.006348	-0.002149	0.053462	-0.250909	0.966533	0.982638	0.185431	-0.006216	-0.177665	0.950084	0.256467
10858		9.455917	0.200344	2.160069	0.569198	0.487053	-0.130307	0.999955	0.007115	0.006088	-0.001629	0.054649	-0.261332	0.963701	0.980061	0.198687	-0.001698	-0.191031	0.944579	0.266979
10859		9.948668	1.539583	2.472685	0.626062	0.419772	-0.128081	0.999954	0.007826	0.005247	-0.001601	0.055415	-0.270257	0.961192	0.976994	0.213236	0.003629	-0.205941	0.938878	0.275856
10860		10.424755	2.452624	2.554618	0.605524	0.351529	-0.124506	0.999960	0.007569	0.004394	-0.001556	0.055035	-0.277966	0.959013	0.973784	0.227255	0.009986	-0.220717	0.933322	0.283186
10861		10.256639	2.882684	3.322801	0.495014	0.250584	-0.157741	0.999974	0.006188	0.003132	-0.001972	0.052857	-0.283356	0.957557	0.970932	0.238748	0.017054	-0.233448	0.928821	0.287739
10862		9.888744	3.164606	3.445796	0.333950	0.139746	-0.213401	0.999986	0.004174	0.001747	-0.002668	0.047763	-0.287114	0.956705	0.969003	0.245742	0.025372	-0.242387	0.925838	0.289951
10863		9.766166	3.197387	2.908805	0.155688	0.036720	-0.258825	0.999993	0.001946	0.000459	-0.003235	0.040297	-0.289413	0.956356	0.968245	0.247658	0.034149	-0.246732	0.924611	0.290203
10864		9.685165	3.080616	3.004333	-0.011704	0.016761	-0.270518	0.999994	-0.000146	0.000210	-0.003381	0.031862	-0.291073	0.956170	0.968375	0.245840	0.042568	-0.247455	0.924575	0.289701
10865		9.322754	2.848173	2.972193	-0.126579	0.098894	-0.290114	0.999991	-0.001582	0.001236	-0.003626	0.022975	-0.295070	0.955199	0.969135	0.241160	0.051186	-0.245459	0.924541	0.291504
10866		8.974240	2.745351	2.981876	-0.126973	0.216454	-0.309327	0.999988	-0.001587	0.002706	-0.003867	0.013900	-0.302234	0.953132	0.969838	0.236067	0.060712	-0.243352	0.923540	0.296400
10867		8.829554	2.572856	3.164663	-0.052325	0.312187	-0.310283	0.999985	-0.000654	0.003902	-0.003879	0.005275	-0.311891	0.950103	0.969992	0.232553	0.070955	-0.243080	0.921218	0.303759
10868		9.137510	2.432763	3.153847	0.063390	0.358362	-0.284851	0.999983	0.000792	0.004479	-0.003561	-0.002634	-0.322320	0.946627	0.969467	0.231299	0.081453	-0.245208	0.917938	0.311870
10869		9.366381	2.516073	3.250208	0.146915	0.389500	-0.232285	0.999982	0.001836	0.004869	-0.002904	-0.008987	-0.333276	0.942786	0.968309	0.232431	0.091395	-0.249592	0.913730	0.320626
10870		9.355168	2.624382	3.167546	0.191976	0.390849	-0.170322	0.999983	0.002400	0.004886	-0.002129	-0.013648	-0.343951	0.938888	0.966735	0.235313	0.100257	-0.255416	0.909025	0.329298
10871		9.399696	2.702379	3.258853	0.225107	0.376349	-0.119020	0.999984	0.002814	0.004704	-0.001488	-0.017465	-0.353809	0.935155	0.965046	0.238649	0.108314	-0.261497	0.904359	0.337274
10872		9.549047	2.635780	3.053448	0.251061	0.385206	-0.075910	0.999983	0.003138	0.004815	-0.000949	-0.019837	-0.363628	0.931333	0.963037	0.243341	0.115522	-0.268639	0.899199	0.345360
10873		9.429696	2.430344	3.270550	0.283496	0.392772	-0.036415	0.999982	0.003544	0.004910	-0.000455	-0.020978	-0.373274	0.927484	0.960636	0.249515	0.122147	-0.277015	0.893537	0.353347
10874		9.269687	2.035643	3.380614	0.326487	0.358300	0.005643	0.999982	0.004081	0.004479	0.000071	-0.021870	-0.381683	0.924035	0.958075	0.256105	0.128462	-0.285682	0.888104	0.360080
10875		9.200558	2.253372	3.419821	0.383910	0.353162	0.009958	0.999979	0.004799	0.004414	0.000124	-0.022276	-0.389845	0.920611	0.955134	0.263725	0.134789	-0.295334	0.882309	0.366480
10876		9.399390	2.242193	3.570451	0.451616	0.366031	-0.003528	0.999974	0.005645	0.004575	-0.000044	-0.022421	-0.398293	0.916984	0.951566	0.272810	0.141762	-0.306625	0.875750	0.372886
10877		9.435057	1.966367	3.679468	0.477904	0.341294	0.011541	0.999973	0.005974	0.004266	0.000144	-0.022641	-0.406018	0.913585	0.947447	0.282970	0.149239	-0.319110	0.868952	0.378273
10878		9.703330	1.882803	3.664958	0.516005	0.285096	0.012395	0.999973	0.006450	0.003564	0.000155	-0.022827	-0.412406	0.910714	0.942961	0.293742	0.156653	-0.332120	0.862344	0.382178
10879		9.549047	2.061742	3.783918	0.528532	0.266625	0.000942	0.999973	0.006607	0.003333	0.000012	-0.023645	-0.418293	0.908005	0.938612	0.303389	0.164205	-0.344164	0.856146	0.385441
10880		9.023190	2.022897	3.911720	0.499370	0.228273	-0.010997	0.999976	0.006242	0.002853	-0.000137	-0.024121	-0.423428	0.905609	0.933964	0.313539	0.171475	-0.356551	0.849942	0.387903
10881		8.575099	1.742752	4.068068	0.465103	0.092997	-0.050574	0.999982	0.005814	0.001162	-0.000632	-0.027156	-0.425886	0.904369	0.929938	0.321125	0.179148	-0.366712	0.845872	0.387327
10882		9.550605	1.791496	3.870835	0.439930	-0.007583	-0.058298	0.999985	0.005499	-0.000095	-0.000729	-0.030360	-0.426373	0.904038	0.925816	0.328918	0.186220	-0.376754	0.842626	0.384757
10883		10.003205	1.877055	4.035116	0.409000	-0.024680	-0.039247	0.999987	0.005112	-0.000308	-0.000491	-0.033567	-0.426244	0.903985	0.922009	0.335863	0.192601	-0.385710	0.839948	0.381727
10884		10.005581	1.845756	4.332934	0.371046	-0.040655	-0.034281	0.999989	0.004638	-0.000508	-0.000429	-0.036840	-0.425618	0.904152	0.918675	0.341655	0.198262	-0.393292	0.837927	0.378419
10885		9.526522	1.667978	4.315091	0.347662	-0.140453	-0.038389	0.999989	0.004346	-0.001756	-0.000480	-0.040264	-0.423071	0.905201	0.915099	0.348155	0.203424	-0.401214	0.836540	0.373134
10886		9.451634	1.721869	4.279794	0.313508	-0.196699	-0.024906	0.999989	0.003919	-0.002459	-0.000311	-0.044642	-0.419105	0.906840	0.912131	0.353139	0.208109	-0.407460	0.836447	0.366514
10887		9.322075	1.821308	4.157687	0.254758	-0.240026	-0.027873	0.999990	0.003184	-0.003000	-0.000348	-0.048468	-0.414426	0.908791	0.909395	0.357996	0.211753	-0.413100	0.836714	0.359526
10888		9.520096	1.863797	3.939951	0.202348	-0.271936	-0.057575	0.999991	0.002529	-0.003399	-0.000720	-0.053998	-0.409183	0.910853	0.907459	0.360513	0.215750	-0.416655	0.838212	0.351850
10889		9.704738	1.864433	3.807890	0.153239	-0.257236	-0.083332	0.999992	0.001915	-0.003215	-0.001042	-0.059779	-0.404534	0.912567	0.905752	0.362278	0.219927	-0.419571	0.839707	0.344751
10890		9.780484	1.656739	3.642848	0.131049	-0.250701	-0.090616	0.999993	0.001638	-0.003134	-0.001133	-0.065655	-0.399960	0.914178	0.904476	0.363087	0.223812	-0.421442	0.841546	0.337916
10891		9.652403	1.513128	3.571943	0.114216	-0.287290	-0.063622	0.999992	0.001428	-0.003591	-0.000795	-0.070802	-0.394404	0.916205	0.903309	0.364255	0.226608	-0.423108	0.843661	0.330479
10892		9.822724	1.600025	3.351630	0.122575	-0.273890	-0.046414	0.999993	0.001532	-0.003424	-0.000580	-0.075197	-0.388856	0.918225	0.902305	0.365459	0.228661	-0.424490	0.845713	0.323385
10893		9.835851	1.637667	3.108313	0.111635	-0.222214	-0.047053	0.999995	0.001395	-0.002778	-0.000588	-0.079101	-0.384251	0.919834	0.901523	0.366224	0.230513	-0.425440	0.847485	0.317442
10894		9.800024	1.679798	3.142396	0.091163	-0.189631	-0.026717	0.999996	0.001140	-0.002370	-0.000334	-0.082066	-0.380397	0.921175	0.900341	0.368062	0.232201	-0.427378	0.848427	0.312282
10895		9.771572	1.641560	3.147947	0.076703	-0.169731	-0.016409	0.999997	0.000959	-0.002122	-0.000205	-0.084366	-0.376685	0.922492	0.899673	0.369172	0.233025	-0.428335	0.849600	0.307748
10896		9.680843	1.606548	3.096780	0.064736	-0.154339	0.002033	0.999998	0.000809	-0.001929	0.000025	-0.085751	-0.373281	0.923747	0.898997	0.370678	0.233242	-0.429477	0.850447	0.303793
10897		9.653042	1.622158	3.063160	0.061150	-0.154301	0.016440	0.999998	0.000764	-0.001929	0.000206	-0.087321	-0.369328	0.925187	0.898619	0.371639	0.233169	-0.429952	0.851752	0.299433
10898		9.689683	1.605162	3.097937	0.040203	-0.160127	0.030177	0.999998	0.000503	-0.002002	0.000377	-0.088186	-0.365242	0.926726	0.898459	0.372552	0.232327	-0.430109	0.853114	0.295301
10899		9.719264	1.548797	2.996405	0.035195	-0.157456	0.035488	0.999998	0.000440	-0.001968	0.000444	-0.088775	-0.361323	0.928205	0.898300	0.373555	0.231329	-0.430320	0.854343	0.291414
10900		9.708937	1.382558	3.018248	0.039598	-0.159866	0.029695	0.999998	0.000495	-0.001998	0.000371	-0.090027	-0.357205	0.929677	0.897916	0.374723	0.230930	-0.430861	0.855562	0.287005
10901		9.737450	1.298762	2.952919	0.045710	-0.144023	0.015849	0.999998	0.000571	-0.001800	0.000198	-0.090934	-0.353711	0.930924	0.897552	0.375867	0.230488	-0.431430	0.856512	0.283295
10902		9.663290	1.313278	2.914656	0.084832	-0.141539	-0.000215	0.999998	0.001060	-0.001769	-0.000003	-0.092057	-0.350326	0.932093	0.896926	0.377395	0.230427	-0.432492	0.857231	0.279474
10903		9.898096	1.316031	2.911870	0.103469	-0.133832	0.001011	0.999998	0.001293	-0.001673	0.000013	-0.092909	-0.347314	0.933135	0.895806	0.379938	0.230605	-0.434626	0.857333	0.275827
10904		9.939844	1.389494	2.977711	0.081094	-0.103228	0.008298	0.999999	0.001014	-0.001290	0.000104	-0.093492	-0.344621	0.934075	0.895030	0.381848	0.230465	-0.436098	0.857571	0.272746
10905		9.711998	1.323903	2.918654	0.069084	-0.067292	0.024361	0.999999	0.000864	-0.000841	0.000305	-0.093221	-0.342754	0.934789	0.894354	0.383767	0.229902	-0.437541	0.857463	0.270768
10906		9.628546	1.165498	2.751036	0.072772	-0.052445	0.043877	0.999999	0.000910	-0.000656	0.000548	-0.092556	-0.340708	0.935602	0.893668	0.385928	0.228947	-0.439079	0.857308	0.268760
10907		9.740420	1.117910	2.651239	0.077209	-0.035770	0.061081	0.999999	0.000965	-0.000447	0.000764	-0.091294	-0.338935	0.936370	0.892899	0.388458	0.227665	-0.440904	0.856868	0.267170
10908		9.885999	1.073106	2.559149	0.091702	0.018891	0.078300	0.999999	0.001146	0.000236	0.000979	-0.088676	-0.338306	0.936849	0.892109	0.391370	0.225769	-0.443033	0.855791	0.267101
10909		9.924722	1.150662	2.519884	0.097806	0.077408	0.092079	0.999998	0.001223	0.000968	0.001151	-0.085210	-0.338377	0.937145	0.891231	0.394640	0.223529	-0.445472	0.854260	0.267945
10910		9.990227	1.453658	2.290573	0.077958	0.134468	0.087133	0.999998	0.000974	0.001681	0.001089	-0.080990	-0.340104	0.936894	0.890652	0.397253	0.221200	-0.447415	0.852361	0.270740
10911		10.112254	1.594863	2.517861	0.067962	0.224572	0.074255	0.999995	0.000850	0.002807	0.000928	-0.076229	-0.343690	0.935984	0.889988	0.399794	0.219286	-0.449567	0.849731	0.275404
10912		9.933914	1.548472	2.751540	0.057964	0.277610	0.067324	0.999993	0.000725	0.003470	0.000842	-0.070839	-0.348486	0.934633	0.889460	0.402037	0.217318	-0.451490	0.846713	0.281484
10913		9.721407	1.629373	2.971942	0.046564	0.293089	0.066462	0.999993	0.000582	0.003664	0.000831	-0.065439	-0.353441	0.933165	0.889050	0.403993	0.215360	-0.453110	0.843723	0.287790
10914		9.582592	1.629195	3.094645	0.034109	0.292795	0.064469	0.999993	0.000426	0.003660	0.000806	-0.059843	-0.358607	0.931568	0.888780	0.405694	0.213267	-0.454411	0.840722	0.294444
10915		9.685965	1.735644	3.189336	0.016445	0.293237	0.044016	0.999993	0.000206	0.003665	0.000550	-0.054701	-0.363845	0.929852	0.888636	0.406929	0.211505	-0.455339	0.837869	0.301067
10916		9.733346	1.762688	3.364966	-0.014538	0.330599	0.018884	0.999991	-0.000182	0.004132	0.000236	-0.049801	-0.370071	0.927668	0.888857	0.407152	0.210141	-0.455469	0.835030	0.308664
10917		9.622411	1.716646	3.522784	-0.038187	0.353505	-0.004979	0.999990	-0.000477	0.004419	-0.000062	-0.045275	-0.377101	0.925065	0.889291	0.406643	0.209291	-0.455096	0.832127	0.316942
10918		9.382304	1.653532	3.684227	-0.082852	0.317894	-0.007594	0.999992	-0.001036	0.003974	-0.000095	-0.040926	-0.383418	0.922668	0.890364	0.405051	0.207813	-0.453406	0.830015	0.324804
10919		9.356489	1.706579	3.689381	-0.106313	0.293324	-0.019961	0.999992	-0.001329	0.003667	-0.000250	-0.037259	-0.389276	0.920367	0.891567	0.403040	0.206561	-0.451354	0.828265	0.332049
10920		9.599853	1.796995	3.724431	-0.130363	0.288398	-0.047924	0.999992	-0.001630	0.003605	-0.000599	-0.034362	-0.395323	0.917899	0.892992	0.400257	0.205814	-0.448758	0.826749	0.339267
10921		9.827243	1.704740	4.001855	-0.174233	0.286032	-0.071329	0.999991	-0.002178	0.003575	-0.000892	-0.032275	-0.401397	0.915335	0.894696	0.396612	0.205471	-0.445508	0.825578	0.346327
10922		9.581678	1.538662	4.184817	-0.178625	0.232510	-0.086211	0.999993	-0.002233	0.002906	-0.001078	-0.031056	-0.406666	0.913049	0.896590	0.392414	0.205274	-0.441771	0.825006	0.352426
10923		9.589197	1.427164	4.162372	-0.140659	0.187978	-0.069328	0.999995	-0.001758	0.002350	-0.000867	-0.029950	-0.410947	0.911167	0.898111	0.389068	0.204995	-0.438748	0.824469	0.357423
10924		9.590281	1.471137	4.196295	-0.104451	0.179164	-0.054119	0.999996	-0.001306	0.002240	-0.000676	-0.028576	-0.414720	0.909500	0.899076	0.386985	0.204708	-0.436859	0.823559	0.361806
10925		9.396893	1.615922	4.330798	-0.095894	0.156559	-0.040138	0.999997	-0.001199	0.001957	-0.000502	-0.026964	-0.417886	0.908099	0.900101	0.385020	0.203904	-0.434845	0.822880	0.365758
10926		9.473881	1.803845	4.099656	-0.114384	0.136521	-0.038254	0.999997	-0.001430	0.001707	-0.000478	-0.025832	-0.420681	0.906841	0.901250	0.382696	0.203204	-0.432528	0.822540	0.369253
10927		9.555432	1.845247	4.088201	-0.123258	0.139754	-0.057960	0.999997	-0.001541	0.001747	-0.000724	-0.025046	-0.423819	0.905400	0.902544	0.379861	0.202780	-0.429869	0.822242	0.373002
10928		9.500135	1.781574	4.020058	-0.143324	0.134556	-0.055170	0.999997	-0.001792	0.001682	-0.000690	-0.024187	-0.426901	0.903975	0.904110	0.376535	0.202008	-0.426615	0.822178	0.376858
10929		9.560767	1.798672	3.987374	-0.156750	0.180218	-0.052836	0.999995	-0.001959	0.002253	-0.000660	-0.022819	-0.430672	0.902220	0.905696	0.373216	0.201061	-0.423314	0.821725	0.381541
10930		9.645615	1.785199	4.076594	-0.172550	0.234168	-0.049024	0.999993	-0.002157	0.002927	-0.000613	-0.021061	-0.435818	0.899788	0.907561	0.369197	0.200066	-0.419391	0.820826	0.387756
10931		9.348606	1.661863	4.186836	-0.177016	0.218487	-0.051973	0.999994	-0.002213	0.002731	-0.000650	-0.019678	-0.440636	0.897470	0.909434	0.365049	0.199171	-0.415383	0.820109	0.393545
10932		9.338388	1.638171	4.229069	-0.172256	0.178575	-0.046382	0.999995	-0.002153	0.002232	-0.000580	-0.018500	-0.444725	0.895476	0.911361	0.360838	0.198033	-0.411192	0.819766	0.398630
10933		9.546882	1.533711	4.142803	-0.157001	0.184166	-0.042546	0.999995	-0.001963	0.002302	-0.000532	-0.017157	-0.448852	0.893441	0.913096	0.357046	0.196910	-0.407383	0.819176	0.403719
10934		9.496919	1.500097	4.269864	-0.128405	0.196099	-0.037870	0.999996	-0.001605	0.002451	-0.000473	-0.015374	-0.452856	0.891451	0.914345	0.354438	0.195823	-0.404644	0.818105	0.408618
10935		9.624705	1.474250	4.232917	-0.087140	0.215806	-0.025886	0.999996	-0.001089	0.002698	-0.000324	-0.013261	-0.457244	0.889242	0.915199	0.352685	0.194997	-0.402783	0.816420	0.413792
10936		9.877938	1.429667	4.133741	-0.034386	0.247076	-0.009837	0.999995	-0.000430	0.003088	-0.000123	-0.010308	-0.461962	0.886840	0.915462	0.352429	0.194223	-0.402272	0.813870	0.419276
10937		9.800107	1.461835	4.329463	0.021949	0.275603	0.007620	0.999994	0.000274	0.003445	0.000095	-0.006846	-0.467188	0.884132	0.915212	0.353319	0.193785	-0.402915	0.810494	0.425157
10938		9.586096	1.423497	4.350576	0.088808	0.285196	0.021152	0.999993	0.001110	0.003565	0.000264	-0.002908	-0.472468	0.881343	0.914315	0.355685	0.193692	-0.404994	0.806388	0.430950
10939		9.383246	1.348250	4.438910	0.149414	0.255762	0.029369	0.999993	0.001868	0.003197	0.000367	0.000893	-0.477098	0.878850	0.912807	0.359303	0.194126	-0.408391	0.802046	0.435819
10940		9.327591	1.525980	4.547308	0.178917	0.226817	0.039472	0.999993	0.002236	0.002835	0.000493	0.004678	-0.480949	0.876736	0.910911	0.363777	0.194696	-0.412576	0.797718	0.439804
10941		9.406591	1.471166	4.529893	0.203375	0.211593	0.040229	0.999993	0.002542	0.002645	0.000503	0.008244	-0.484618	0.874687	0.908849	0.368439	0.195567	-0.417044	0.793346	0.443482
10942		9.462928	1.462558	4.658274	0.246976	0.204951	0.028816	0.999992	0.003087	0.002562	0.000360	0.011403	-0.488307	0.872597	0.906335	0.373685	0.197271	-0.422406	0.788616	0.446831
10943		9.475128	1.699427	4.613144	0.250971	0.185731	0.012250	0.999992	0.003137	0.002322	0.000153	0.014082	-0.491539	0.870741	0.903580	0.379170	0.199431	-0.428187	0.783976	0.449485
10944		9.531868	1.635222	4.678964	0.226431	0.166975	0.011614	0.999994	0.002830	0.002087	0.000145	0.016677	-0.494370	0.869092	0.901038	0.384218	0.201266	-0.433420	0.779728	0.451854
10945		9.588983	1.607506	4.731720	0.180158	0.168120	0.023057	0.999995	0.002252	0.002101	0.000288	0.019599	-0.497077	0.867485	0.898960	0.388512	0.202311	-0.437592	0.775869	0.454466
10946		9.451641	1.529211	4.546643	0.154927	0.181148	0.012373	0.999996	0.001937	0.002264	0.000155	0.022448	-0.500205	0.865616	0.897231	0.392001	0.203254	-0.440991	0.772095	0.457599
10947		9.417655	1.627365	4.666367	0.123301	0.158017	0.006167	0.999997	0.001541	0.001975	0.000077	0.024868	-0.502843	0.864020	0.895763	0.394929	0.204060	-0.443836	0.768882	0.460249
10948		9.371901	1.724369	4.830605	0.054931	0.147852	-0.002469	0.999998	0.000687	0.001848	-0.000031	0.027026	-0.505305	0.862517	0.895001	0.396543	0.204271	-0.445244	0.766434	0.462966
10949		9.288138	1.828895	4.807152	-0.019812	0.132761	-0.011991	0.999999	-0.000248	0.001660	-0.000150	0.028544	-0.507797	0.861004	0.895227	0.396183	0.203980	-0.444695	0.764972	0.465902
10950		9.399089	1.766655	4.718507	-0.076467	0.121593	-0.015289	0.999998	-0.000956	0.001520	-0.000191	0.030195	-0.509970	0.859662	0.896049	0.394925	0.202805	-0.442927	0.764176	0.468883
10951		9.535535	1.734077	5.000492	-0.110334	0.114335	-0.013694	0.999998	-0.001379	0.001429	-0.000171	0.031659	-0.511893	0.858466	0.897130	0.393200	0.201376	-0.440632	0.763780	0.471682
10952		9.479424	1.727451	5.002034	-0.155585	0.120309	-0.007621	0.999997	-0.001945	0.001504	-0.000095	0.033253	-0.513929	0.857188	0.898676	0.390682	0.199372	-0.437351	0.763704	0.474847
10953		9.342175	1.649927	4.966862	-0.167314	0.107226	-0.015127	0.999997	-0.002091	0.001340	-0.000189	0.034582	-0.515788	0.856018	0.900358	0.387841	0.197318	-0.433773	0.763899	0.477807
10954		9.420235	1.621580	5.186343	-0.178551	0.091314	-0.023320	0.999997	-0.002232	0.001141	-0.000291	0.035704	-0.517325	0.855044	0.902117	0.384832	0.195165	-0.430012	0.764382	0.480428
10955		9.285517	1.603279	5.223263	-0.183235	0.095350	-0.039306	0.999997	-0.002290	0.001192	-0.000491	0.036402	-0.519234	0.853857	0.903983	0.381348	0.193360	-0.426016	0.764833	0.483260
10956		9.284743	1.652399	5.259314	-0.174325	0.083001	-0.049508	0.999997	-0.002179	0.001038	-0.000619	0.036658	-0.520910	0.852824	0.905715	0.377950	0.191923	-0.422299	0.765380	0.485651
10957		9.360267	1.584476	5.274566	-0.164893	0.071253	-0.056263	0.999997	-0.002061	0.000891	-0.000703	0.036673	-0.522587	0.851797	0.907446	0.374427	0.190647	-0.418565	0.765968	0.487950
10958		9.411672	1.591792	5.401032	-0.148734	0.068213	-0.063003	0.999998	-0.001859	0.000853	-0.000788	0.036719	-0.524059	0.850890	0.908900	0.371445	0.189549	-0.415394	0.766414	0.489956
10959		9.344317	1.581168	5.420377	-0.137628	0.067309	-0.057770	0.999998	-0.001720	0.000841	-0.000722	0.036653	-0.525700	0.849880	0.910345	0.368376	0.188601	-0.412223	0.766772	0.492070
10960		9.357067	1.539177	5.328018	-0.104746	0.066442	-0.054171	0.999999	-0.001309	0.000831	-0.000677	0.036732	-0.527054	0.849038	0.911248	0.366425	0.188041	-0.410216	0.766777	0.493737
10961		9.297218	1.607341	5.298804	-0.075284	0.063369	-0.054616	0.999999	-0.000941	0.000792	-0.000683	0.036838	-0.528249	0.848290	0.911827	0.365121	0.187772	-0.408919	0.766577	0.495122
10962		9.308807	1.660100	5.284020	-0.065639	0.062857	-0.051793	0.999999	-0.000820	0.000786	-0.000647	0.036886	-0.529510	0.847501	0.912317	0.363941	0.187680	-0.407819	0.766268	0.496506
10963		9.307098	1.645291	5.303789	-0.060102	0.062074	-0.041891	0.999999	-0.000751	0.000776	-0.000524	0.037070	-0.530785	0.846696	0.912817	0.362796	0.187468	-0.406683	0.765929	0.497958
10964		9.315119	1.642385	5.306539	-0.049206	0.069682	-0.032053	0.999999	-0.000615	0.000871	-0.000401	0.037728	-0.532101	0.845840	0.913227	0.362006	0.186998	-0.405701	0.765389	0.499587
10965		9.293187	1.664603	5.288482	-0.035429	0.056503	-0.021290	1.000000	-0.000443	0.000706	-0.000266	0.038473	-0.532946	0.845274	0.913396	0.361811	0.186548	-0.405250	0.764893	0.500711
10966		9.229952	1.681146	5.377267	-0.037223	0.050198	-0.016237	1.000000	-0.000465	0.000627	-0.000203	0.039159	-0.533736	0.844744	0.913622	0.361495	0.186052	-0.404673	0.764492	0.501789
10967		9.278299	1.705293	5.302145	-0.033072	0.040733	-0.017269	1.000000	-0.000413	0.000509	-0.000216	0.039637	-0.534564	0.844198	0.913948	0.360896	0.185615	-0.403891	0.764196	0.502868
10968		9.317790	1.638280	5.383016	-0.040487	0.045404	-0.015167	1.000000	-0.000506	0.000568	-0.000190	0.040201	-0.535385	0.843651	0.914273	0.360335	0.185105	-0.403100	0.763885	0.503974
10969		9.281502	1.598794	5.307882	-0.032665	0.030416	-0.020274	1.000000	-0.000408	0.000380	-0.000253	0.040563	-0.535931	0.843286	0.914509	0.359918	0.184748	-0.402526	0.763699	0.504714
10970		9.242411	1.543895	5.360490	-0.027777	0.001841	-0.012577	1.000000	-0.000347	0.000023	-0.000157	0.040872	-0.535663	0.843442	0.914549	0.360030	0.184334	-0.402406	0.763835	0.504605
10971		9.318041	1.575300	5.173943	-0.019752	0.023055	-0.009510	1.000000	-0.000247	0.000288	-0.000119	0.041462	-0.535848	0.843296	0.914537	0.360256	0.183949	-0.402371	0.763599	0.504990
10972		9.306844	1.589790	5.146052	-0.003461	0.018188	-0.015359	1.000000	-0.000043	0.000227	-0.000192	0.041989	-0.535876	0.843252	0.914361	0.360801	0.183754	-0.402716	0.763321	0.505134
10973		9.252077	1.598061	5.351560	0.005934	-0.007942	-0.020412	1.000000	0.000074	-0.000099	-0.000255	0.041926	-0.535629	0.843412	0.914141	0.361247	0.183977	-0.403224	0.763284	0.504786
10974		9.233792	1.586527	5.370829	0.000674	-0.003858	-0.022217	1.000000	0.000008	-0.000048	-0.000278	0.041778	-0.535469	0.843521	0.913916	0.361646	0.184309	-0.403747	0.763207	0.504483
10975		9.302048	1.627867	5.244053	-0.001166	-0.005880	-0.014476	1.000000	-0.000015	-0.000074	-0.000181	0.041989	-0.535161	0.843706	0.913747	0.362119	0.184217	-0.404108	0.763199	0.504207
10976		9.324263	1.605750	5.296323	-0.001000	-0.007514	-0.012975	1.000000	-0.000012	-0.000094	-0.000162	0.042193	-0.534739	0.843964	0.913524	0.362717	0.184148	-0.404591	0.763211	0.503801
10977		9.385297	1.607851	5.382230	0.001194	-0.014456	-0.014393	1.000000	0.000015	-0.000181	-0.000180	0.042219	-0.534322	0.844226	0.913326	0.363192	0.184194	-0.405034	0.763277	0.503344
10978		9.351248	1.623154	5.280557	-0.000821	-0.008924	-0.013754	1.000000	-0.000010	-0.000112	-0.000172	0.042416	-0.533815	0.844537	0.913079	0.363849	0.184123	-0.405571	0.763319	0.502848
10979		9.243163	1.574191	5.364711	0.017067	-0.036712	-0.008363	1.000000	0.000213	-0.000459	-0.000105	0.042470	-0.532751	0.845206	0.912679	0.364854	0.184114	-0.406464	0.763582	0.501726
10980		9.324963	1.615364	5.279799	0.018464	-0.034988	0.002020	1.000000	0.000231	-0.000437	0.000025	0.042683	-0.531691	0.845862	0.912254	0.365970	0.184008	-0.407396	0.763787	0.500657
10981		9.306186	1.709841	5.229792	0.020407	-0.032054	0.001361	1.000000	0.000255	-0.000401	0.000017	0.042979	-0.530720	0.846457	0.911859	0.367042	0.183832	-0.408248	0.763948	0.499717
10982		9.358621	1.709701	5.196797	0.019279	-0.037435	0.006198	1.000000	0.000241	-0.000468	0.000077	0.043266	-0.529573	0.847160	0.911424	0.368219	0.183631	-0.409186	0.764178	0.498597
10983		9.397921	1.702361	5.318510	0.007851	-0.023138	0.007949	1.000000	0.000098	-0.000289	0.000099	0.043693	-0.528870	0.847577	0.911182	0.368995	0.183274	-0.409680	0.764290	0.498020
10984		9.322678	1.702197	5.294499	-0.007830	-0.011171	0.013401	1.000000	-0.000098	-0.000140	0.000168	0.044334	-0.528213	0.847953	0.911020	0.369697	0.182663	-0.409971	0.764405	0.497604
10985		9.322282	1.689801	5.253284	-0.015752	-0.007087	0.019732	1.000000	-0.000197	-0.000089	0.000247	0.045131	-0.527604	0.848290	0.910938	0.370301	0.181849	-0.410067	0.764533	0.497327
10986		9.340366	1.629997	5.210410	-0.014312	-0.003801	0.021826	1.000000	-0.000179	-0.000048	0.000273	0.046113	-0.527008	0.848608	0.910877	0.370934	0.180863	-0.410094	0.764637	0.497145
10987		9.345770	1.614579	5.211788	-0.009271	0.000612	0.022722	1.000000	-0.000116	0.000008	0.000284	0.047189	-0.526382	0.848938	0.910735	0.371758	0.179884	-0.410287	0.764669	0.496937
10988		9.342973	1.631353	5.228315	-0.008463	0.005174	0.017576	1.000000	-0.000106	0.000065	0.000220	0.048093	-0.526000	0.849123	0.910586	0.372472	0.179159	-0.410513	0.764583	0.496882
10989		9.331932	1.641025	5.217991	-0.005175	0.002973	0.018147	1.000000	-0.000065	0.000037	0.000227	0.048992	-0.525589	0.849327	0.910406	0.373247	0.178461	-0.410805	0.764489	0.496786
10990		9.313555	1.622134	5.185746	-0.005135	-0.002274	0.016908	1.000000	-0.000064	-0.000028	0.000211	0.049832	-0.525057	0.849607	0.910230	0.374012	0.177752	-0.411093	0.764480	0.496561
10991		9.333147	1.592783	5.176393	0.001585	-0.003535	0.017684	1.000000	0.000020	-0.000044	0.000221	0.050687	-0.524405	0.849959	0.909966	0.374971	0.177082	-0.411573	0.764458	0.496197
10992		9.329673	1.623013	5.198422	0.002426	-0.006256	0.016481	1.000000	0.000030	-0.000078	0.000206	0.051480	-0.523822	0.850271	0.909731	0.375836	0.176459	-0.411995	0.764433	0.495885
10993		9.381621	1.601701	5.272653	0.009113	0.002256	0.011243	1.000000	0.000114	0.000028	0.000141	0.052259	-0.523387	0.850491	0.909427	0.376787	0.175993	-0.412566	0.764262	0.495673
10994		9.310875	1.551381	5.245454	0.014653	0.009476	0.008145	1.000000	0.000183	0.000118	0.000102	0.053006	-0.523293	0.850502	0.909102	0.377694	0.175728	-0.413187	0.763879	0.495747
10995		9.255467	1.587125	5.229372	0.011502	-0.013839	0.009878	1.000000	0.000144	-0.000173	0.000123	0.053553	-0.522587	0.850902	0.908763	0.378676	0.175371	-0.413863	0.763877	0.495187
10996		9.453486	1.609753	5.413026	0.011375	-0.026967	0.018539	1.000000	0.000142	-0.000337	0.000232	0.054183	-0.521591	0.851474	0.908446	0.379704	0.174789	-0.414476	0.764047	0.494410
10997		9.396430	1.556606	5.030051	0.017777	0.007094	0.010104	1.000000	0.000222	0.000089	0.000126	0.054910	-0.521262	0.851628	0.908010	0.380848	0.174563	-0.415334	0.763702	0.494224
10998		9.298438	1.613715	5.146480	0.025948	-0.020496	0.009444	1.000000	0.000324	-0.000256	0.000118	0.055366	-0.520483	0.852075	0.907531	0.382059	0.174407	-0.416319	0.763629	0.493508
10999		9.288585	1.595609	5.276368	0.022730	-0.030370	0.007027	1.000000	0.000284	-0.000380	0.000088	0.055656	-0.519449	0.852687	0.907068	0.383228	0.174253	-0.417289	0.763747	0.492505
11000		9.327128	1.620104	5.241618	0.013178	-0.020851	0.008098	1.000000	0.000165	-0.000261	0.000101	0.056091	-0.518646	0.853147	0.906740	0.384154	0.173921	-0.417943	0.763827	0.491825
11001		9.356963	1.617957	5.217973	0.002027	-0.021367	0.013258	1.000000	0.000025	-0.000267	0.000166	0.056616	-0.517813	0.853619	0.906513	0.384934	0.173380	-0.418365	0.764000	0.491197
11002		9.380054	1.620290	5.184061	-0.000262	-0.022819	0.013816	1.000000	-0.000003	-0.000285	0.000173	0.057136	-0.517003	0.854075	0.906312	0.385656	0.172821	-0.418728	0.764184	0.490601
11003		9.405376	1.607880	5.196768	-0.007179	-0.014889	0.015060	1.000000	-0.000090	-0.000186	0.000188	0.057699	-0.516199	0.854523	0.906097	0.386419	0.172246	-0.419118	0.764342	0.490022
11004		9.288612	1.589419	5.190525	0.002528	-0.024217	0.012572	1.000000	0.000032	-0.000303	0.000157	0.058175	-0.515422	0.854959	0.905870	0.387164	0.171767	-0.419542	0.764489	0.489429
11005		9.361917	1.608909	5.262551	-0.003365	-0.028786	0.019515	1.000000	-0.000042	-0.000360	0.000244	0.058762	-0.514415	0.855526	0.905693	0.387903	0.171032	-0.419842	0.764794	0.488696
11006		9.346219	1.572085	5.175827	0.000256	-0.032008	0.015620	1.000000	0.000003	-0.000400	0.000195	0.059221	-0.513397	0.856105	0.905480	0.388660	0.170439	-0.420237	0.765093	0.487888
11007		9.384214	1.570551	5.221314	-0.000075	-0.031237	0.014689	1.000000	-0.000001	-0.000390	0.000184	0.059681	-0.512405	0.856668	0.905285	0.389379	0.169834	-0.420592	0.765392	0.487111
11008		9.356757	1.545679	5.251441	-0.005810	-0.030440	0.013813	1.000000	-0.000073	-0.000380	0.000173	0.060088	-0.511365	0.857261	0.905121	0.390029	0.169213	-0.420886	0.765757	0.486283
11009		9.334630	1.563432	5.256959	-0.009247	-0.031154	0.011343	1.000000	-0.000116	-0.000389	0.000142	0.060461	-0.510342	0.857844	0.905040	0.390512	0.168533	-0.421008	0.766193	0.485490
11010		9.365604	1.512644	5.213746	-0.012537	-0.026456	0.008711	1.000000	-0.000157	-0.000331	0.000109	0.060849	-0.509440	0.858352	0.905043	0.390822	0.167797	-0.420945	0.766635	0.484846
11011		9.409564	1.513504	5.173443	-0.004194	-0.023168	0.006414	1.000000	-0.000052	-0.000290	0.000080	0.061149	-0.508640	0.858805	0.904855	0.391427	0.167400	-0.421306	0.766857	0.484180
11012		9.426007	1.542027	5.177226	0.001515	-0.015129	0.002719	1.000000	0.000019	-0.000189	0.000034	0.061467	-0.507994	0.859165	0.904657	0.392025	0.167069	-0.421684	0.766980	0.483657
11013		9.406114	1.585835	5.168621	0.001812	-0.004578	-0.002984	1.000000	0.000023	-0.000057	-0.000037	0.061742	-0.507581	0.859389	0.904434	0.392608	0.166908	-0.422122	0.766955	0.483314
11014		9.380468	1.601585	5.204491	-0.002648	0.009034	-0.006364	1.000000	-0.000033	0.000113	-0.000080	0.062102	-0.507532	0.859392	0.904269	0.393044	0.166775	-0.422423	0.766764	0.483355
11015		9.341886	1.566851	5.164540	-0.008859	0.004755	-0.003439	1.000000	-0.000111	0.000059	-0.000043	0.062420	-0.507269	0.859524	0.904099	0.393516	0.166585	-0.422740	0.766697	0.483184
11016		9.361366	1.554652	5.172889	-0.009817	-0.003589	0.001241	1.000000	-0.000123	-0.000045	0.000016	0.062771	-0.506856	0.859742	0.903939	0.394009	0.166288	-0.423030	0.766716	0.482899
11017		9.377427	1.533153	5.215798	-0.012109	-0.003183	0.006564	1.000000	-0.000151	-0.000040	0.000082	0.063284	-0.506511	0.859908	0.903815	0.394479	0.165845	-0.423218	0.766702	0.482757
11018		9.391271	1.518071	5.237419	-0.011488	0.009362	0.005099	1.000000	-0.000144	0.000117	0.000064	0.063875	-0.506282	0.859999	0.903744	0.394858	0.165329	-0.423281	0.766659	0.482771
11019		9.358027	1.524275	5.173241	-0.003300	0.009028	0.000067	1.000000	-0.000041	0.000113	0.000001	0.064364	-0.506150	0.860040	0.903596	0.395322	0.165030	-0.423523	0.766507	0.482800
11020		9.358781	1.517060	5.197352	-0.001805	0.001139	-0.001153	1.000000	-0.000023	0.000014	-0.000014	0.064765	-0.505916	0.860148	0.903462	0.395748	0.164742	-0.423748	0.766441	0.482706
11021		9.438856	1.514986	5.299747	-0.000468	-0.008245	0.005028	1.000000	-0.000006	-0.000103	0.000063	0.065190	-0.505452	0.860389	0.903246	0.396375	0.164421	-0.424143	0.766424	0.482387
11022		9.391015	1.520144	5.037688	0.002745	0.014718	-0.002075	1.000000	0.000034	0.000184	-0.000026	0.065676	-0.505449	0.860353	0.903001	0.396985	0.164294	-0.424589	0.766110	0.482494
11023		9.378973	1.544495	5.088512	0.005579	-0.003720	-0.001045	1.000000	0.000070	-0.000047	-0.000013	0.066013	-0.505149	0.860504	0.902739	0.397631	0.164172	-0.425094	0.765973	0.482267
11024		9.340402	1.539218	5.175531	0.000668	-0.005435	-0.005392	1.000000	0.000008	-0.000068	-0.000067	0.066198	-0.504770	0.860712	0.902557	0.398095	0.164049	-0.425452	0.765982	0.481936
11025		9.374159	1.512103	5.172834	-0.004754	0.001210	-0.002437	1.000000	-0.000059	0.000015	-0.000030	0.066515	-0.504488	0.860853	0.902395	0.398547	0.163837	-0.425744	0.765932	0.481757
11026		9.382274	1.510687	5.139299	-0.007541	0.002410	0.001086	1.000000	-0.000094	0.000030	0.000014	0.066923	-0.504197	0.860992	0.902258	0.398990	0.163519	-0.425972	0.765893	0.481617
11027		9.395838	1.534822	5.117844	-0.007868	0.002272	0.001609	1.000000	-0.000098	0.000028	0.000020	0.067355	-0.503926	0.861117	0.902117	0.399442	0.163192	-0.426202	0.765836	0.481505
11028		9.446451	1.547393	5.121214	-0.012976	0.013130	0.001352	1.000000	-0.000162	0.000164	0.000017	0.067889	-0.503849	0.861120	0.902058	0.399744	0.162777	-0.426243	0.765729	0.481639
11029		9.345930	1.518192	5.184359	0.001116	0.011276	-0.002763	1.000000	0.000014	0.000141	-0.000035	0.068343	-0.503821	0.861100	0.901909	0.400170	0.162554	-0.426484	0.765525	0.481749
11030		9.332632	1.502568	5.194231	-0.003769	0.000518	-0.000286	1.000000	-0.000047	0.000006	-0.000004	0.068733	-0.503572	0.861215	0.901782	0.400578	0.162256	-0.426691	0.765476	0.481645
11031		9.354573	1.527271	5.138288	0.000810	0.003415	-0.001412	1.000000	0.000010	0.000043	-0.000018	0.069088	-0.503324	0.861331	0.901540	0.401179	0.162117	-0.427145	0.765324	0.481483
11032		9.380872	1.535325	5.181075	0.000495	-0.001484	0.000973	1.000000	0.000006	-0.000019	0.000012	0.069465	-0.503001	0.861490	0.901367	0.401675	0.161847	-0.427448	0.765276	0.481291
11033		9.407502	1.534362	5.162391	0.000162	0.000651	0.001704	1.000000	0.000002	0.000008	0.000021	0.069906	-0.502753	0.861599	0.901156	0.402248	0.161601	-0.427822	0.765138	0.481178
11034		9.400218	1.527392	5.220143	-0.000016	0.005713	0.004346	1.000000	-0.000000	0.000071	0.000054	0.070407	-0.502510	0.861700	0.900930	0.402865	0.161323	-0.428215	0.764973	0.481091
11035		9.372505	1.501458	5.217007	-0.004307	0.017504	0.004743	1.000000	-0.000054	0.000219	0.000059	0.071038	-0.502488	0.861661	0.900812	0.403290	0.160917	-0.428358	0.764763	0.481296
11036		9.363555	1.501650	5.180302	-0.002176	0.016504	0.005372	1.000000	-0.000027	0.000206	0.000067	0.071720	-0.502497	0.861599	0.900680	0.403751	0.160501	-0.428523	0.764514	0.481546
11037		9.388214	1.499888	5.165478	-0.002496	0.014516	0.001136	1.000000	-0.000031	0.000181	0.000014	0.072237	-0.502455	0.861580	0.900506	0.404241	0.160243	-0.428801	0.764283	0.481665
11038		9.392921	1.518518	5.204181	-0.002506	0.018382	0.000721	1.000000	-0.000031	0.000230	0.000009	0.072830	-0.502537	0.861483	0.900311	0.404769	0.160006	-0.429110	0.763949	0.481919
11039		9.381954	1.531248	5.175976	-0.004479	0.021840	-0.001104	1.000000	-0.000056	0.000273	-0.000014	0.073341	-0.502615	0.861394	0.900196	0.405128	0.159744	-0.429264	0.763708	0.482165
11040		9.359799	1.521264	5.179075	-0.004798	0.018740	-0.001617	1.000000	-0.000060	0.000234	-0.000020	0.073807	-0.502633	0.861343	0.900018	0.405595	0.159562	-0.429557	0.763448	0.482315
11041		9.355072	1.522746	5.204052	-0.006407	0.008464	-0.002933	1.000000	-0.000080	0.000106	-0.000037	0.074176	-0.502543	0.861364	0.899950	0.405854	0.159288	-0.429637	0.763369	0.482368
11042		9.376409	1.513732	5.222793	-0.008200	0.004841	-0.002228	1.000000	-0.000102	0.000061	-0.000028	0.074544	-0.502390	0.861422	0.899849	0.406183	0.159021	-0.429785	0.763295	0.482353
11043		9.373600	1.525216	5.232884	-0.007229	0.012517	-0.007728	1.000000	-0.000090	0.000156	-0.000097	0.074870	-0.502433	0.861368	0.899686	0.406570	0.158951	-0.430069	0.763060	0.482472
11044		9.337007	1.531570	5.160438	-0.008701	0.013114	-0.010237	1.000000	-0.000109	0.000164	-0.000128	0.075146	-0.502529	0.861288	0.899637	0.406730	0.158820	-0.430123	0.762912	0.482658
11045		9.375372	1.512254	5.262900	-0.007038	0.006982	-0.013477	1.000000	-0.000088	0.000087	-0.000168	0.075303	-0.502554	0.861260	0.899585	0.406868	0.158759	-0.430204	0.762822	0.482728
11046		9.383695	1.495601	5.265401	-0.011101	-0.009648	-0.003323	1.000000	-0.000139	-0.000121	-0.000042	0.075400	-0.502034	0.861555	0.899506	0.407137	0.158521	-0.430354	0.763021	0.482281
11047		9.372833	1.489335	5.101859	-0.006747	0.014216	-0.007995	1.000000	-0.000084	0.000178	-0.000100	0.075778	-0.502192	0.861430	0.899427	0.407371	0.158366	-0.430451	0.762793	0.482555
11048		9.385070	1.525576	5.142608	0.007883	0.000862	-0.010486	1.000000	0.000099	0.000011	-0.000131	0.075915	-0.502051	0.861500	0.899135	0.407959	0.158513	-0.431038	0.762571	0.482381
11049		9.318831	1.519603	5.217875	0.011348	-0.003018	-0.016086	1.000000	0.000142	-0.000038	-0.000201	0.075879	-0.501917	0.861581	0.898896	0.408394	0.158747	-0.431542	0.762426	0.482160
11050		9.364877	1.533879	5.199784	0.012175	-0.005952	-0.015016	1.000000	0.000152	-0.000074	-0.000188	0.075822	-0.501693	0.861717	0.898617	0.408909	0.158999	-0.432132	0.762298	0.481834
11051		9.380458	1.531569	5.174420	0.013786	-0.002242	-0.008941	1.000000	0.000172	-0.000028	-0.000112	0.076007	-0.501531	0.861795	0.898257	0.409634	0.159168	-0.432848	0.762015	0.481638
11052		9.414885	1.563508	5.176201	0.015243	0.001034	-0.006846	1.000000	0.000191	0.000013	-0.000086	0.076177	-0.501342	0.861890	0.897959	0.410248	0.159267	-0.433435	0.761809	0.481436
11053		9.418401	1.553982	5.147472	0.011611	0.008561	-0.007922	1.000000	0.000145	0.000107	-0.000099	0.076467	-0.501341	0.861865	0.897636	0.410910	0.159383	-0.434054	0.761453	0.481442
