// Start Time: Unknown
// Update Rate: 40.0Hz
// Filter Profile: human (46.1)
// Firmware Version: 4.3.4
PacketCounter	SampleTimeFine	Acc_X	Acc_Y	Acc_Z	Gyr_X	Gyr_Y	Gyr_Z	OriInc_q0	OriInc_q1	OriInc_q2	OriInc_q3	Mat[1][1]	Mat[2][1]	Mat[3][1]	Mat[1][2]	Mat[2][2]	Mat[3][2]	Mat[1][3]	Mat[2][3]	Mat[3][3]
10839		9.067799	-1.183220	3.453851	0.140376	0.022269	0.039929	0.999998	0.001755	0.000278	0.000499	0.368673	0.057258	0.927794	0.152680	0.980816	-0.121200	-0.916935	0.186338	0.352858
10840		9.205957	-0.938665	3.437371	0.141099	-0.017113	0.047697	0.999998	0.001764	-0.000214	0.000596	0.368460	0.058507	0.927801	0.149004	0.981398	-0.121061	-0.917625	0.182853	0.352888
10841		9.697750	-0.971939	3.414621	0.173598	-0.077158	0.075074	0.999997	0.002170	-0.000964	0.000938	0.366963	0.060697	0.928253	0.144330	0.982070	-0.121273	-0.918970	0.178478	0.351624
10842		9.817309	-0.997431	3.492241	0.245563	-0.114521	0.081184	0.999994	0.003070	-0.001432	0.001015	0.364592	0.063171	0.929022	0.137943	0.983024	-0.120978	-0.920893	0.172260	0.349688
10843		9.539143	-0.974403	3.510247	0.284008	-0.149533	0.041617	0.999992	0.003550	-0.001869	0.000520	0.361226	0.064768	0.930226	0.131027	0.984162	-0.119404	-0.923227	0.165016	0.347018
10844		9.311429	-0.893886	3.424066	0.210665	-0.179470	-0.011108	0.999994	0.002633	-0.002243	-0.000139	0.356966	0.065117	0.931845	0.126268	0.985048	-0.117205	-0.925544	0.159500	0.343406
10845		9.327497	-1.015586	3.291937	0.171786	-0.184992	-0.029452	0.999995	0.002147	-0.002312	-0.000368	0.352498	0.064942	0.933557	0.122561	0.985793	-0.114853	-0.927752	0.154903	0.339530
10846		9.136429	-1.204343	3.155468	0.270314	-0.158751	-0.018629	0.999992	0.003379	-0.001984	-0.000233	0.348627	0.064875	0.935014	0.116463	0.986871	-0.111897	-0.929998	0.147905	0.336494
10847		9.021268	-1.187855	3.028941	0.433278	-0.126917	-0.010570	0.999984	0.005416	-0.001586	-0.000132	0.345472	0.064906	0.936182	0.106485	0.988451	-0.107825	-0.932368	0.136940	0.334570
10848		9.039969	-1.013407	3.012639	0.515170	-0.107872	-0.015884	0.999978	0.006440	-0.001348	-0.000199	0.342681	0.064774	0.937216	0.094626	0.990167	-0.103032	-0.934674	0.123992	0.333182
10849		9.080159	-1.091363	3.079795	0.564889	-0.108440	-0.040062	0.999974	0.007061	-0.001355	-0.000501	0.339760	0.064026	0.938330	0.081775	0.991891	-0.097291	-0.936950	0.109788	0.331770
10850		9.136602	-1.067410	3.242025	0.602678	-0.111353	-0.078605	0.999970	0.007533	-0.001392	-0.000983	0.336669	0.062347	0.939557	0.068352	0.993555	-0.090422	-0.939139	0.094663	0.330238
10851		9.335787	-1.089685	3.247905	0.626010	-0.102815	-0.116196	0.999968	0.007825	-0.001285	-0.001452	0.333766	0.059741	0.940761	0.054643	0.995086	-0.082577	-0.941071	0.078968	0.328861
10852		9.473357	-1.093152	3.219141	0.678398	-0.106187	-0.147461	0.999961	0.008480	-0.001327	-0.001843	0.330813	0.056420	0.942008	0.039939	0.996480	-0.073709	-0.942851	0.062007	0.327395
10853		9.649189	-1.073525	3.234554	0.748315	-0.096438	-0.166777	0.999953	0.009354	-0.001205	-0.002085	0.328116	0.052693	0.943167	0.023711	0.997669	-0.063987	-0.944340	0.043359	0.326101
10854		9.901264	-1.099662	3.165598	0.854252	-0.064088	-0.190662	0.999940	0.010678	-0.000801	-0.002383	0.326204	0.048462	0.944056	0.005098	0.998580	-0.053022	-0.945286	0.022109	0.325494
10855		9.958596	-0.894437	3.225348	0.942859	-0.044765	-0.230781	0.999926	0.011785	-0.000560	-0.002885	0.324802	0.043356	0.944788	-0.015276	0.999059	-0.040594	-0.945659	-0.001248	0.325159
10856		9.617666	-0.828281	3.326497	0.940249	-0.039192	-0.275857	0.999925	0.011753	-0.000490	-0.003448	0.323593	0.037252	0.945463	-0.035285	0.999005	-0.027285	-0.945538	-0.024532	0.324586
10857		8.883982	-0.762740	3.208398	0.979640	-0.028128	-0.322114	0.999917	0.012245	-0.000352	-0.004026	0.322916	0.030141	0.945948	-0.055775	0.998362	-0.012771	-0.944783	-0.048636	0.324068
10858		8.645069	0.015193	3.034790	1.024305	-0.065783	-0.323726	0.999910	0.012803	-0.000822	-0.004046	0.321616	0.023074	0.946589	-0.077265	0.997009	0.001949	-0.943713	-0.073765	0.322436
10859		9.765183	0.800468	2.855894	0.981449	-0.150760	-0.207360	0.999920	0.012268	-0.001884	-0.002592	0.318359	0.018492	0.947790	-0.098672	0.995025	0.013730	-0.942821	-0.097891	0.318600
10860		10.944188	1.374901	2.515598	1.002732	-0.181129	-0.031236	0.999919	0.012534	-0.002264	-0.000390	0.313968	0.017577	0.949271	-0.121877	0.992303	0.021936	-0.941578	-0.122582	0.313694
10861		11.247243	1.941160	2.124399	0.906256	-0.172742	0.086724	0.999933	0.011328	-0.002159	0.001084	0.308920	0.019093	0.950896	-0.143975	0.989215	0.026911	-0.940128	-0.145218	0.308337
10862		10.648422	1.839679	1.700589	0.719422	-0.173627	0.130097	0.999956	0.008993	-0.002170	0.001626	0.303304	0.020720	0.952669	-0.161568	0.986406	0.029985	-0.939097	-0.163016	0.302528
10863		10.124992	2.106947	1.562207	0.591344	-0.214870	0.109837	0.999968	0.007392	-0.002686	0.001373	0.296212	0.021047	0.954890	-0.176177	0.983806	0.032967	-0.938733	-0.177995	0.295123
10864		10.038641	2.541580	1.654309	0.309365	-0.297394	0.108800	0.999985	0.003867	-0.003717	0.001360	0.287044	0.020237	0.957704	-0.184048	0.982315	0.034406	-0.940070	-0.186140	0.285692
10865		9.561734	2.229008	1.555628	0.024154	-0.357071	0.115174	0.999989	0.000302	-0.004463	0.001440	0.276305	0.018651	0.960889	-0.185150	0.982116	0.034177	-0.943067	-0.187352	0.274816
10866		8.619836	2.058855	1.551309	-0.147563	-0.365806	0.057809	0.999988	-0.001845	-0.004573	0.000723	0.265441	0.015221	0.964007	-0.181663	0.982755	0.034504	-0.946858	-0.184283	0.263629
10867		8.481673	1.893912	1.373327	-0.357492	-0.324734	0.000480	0.999982	-0.004469	-0.004059	0.000006	0.256135	0.010496	0.966584	-0.172562	0.984375	0.035039	-0.951114	-0.175771	0.253944
10868		9.265005	1.771137	1.003021	-0.344672	-0.225011	-0.001157	0.999987	-0.004308	-0.002813	-0.000014	0.249370	0.006186	0.968388	-0.163838	0.985834	0.035893	-0.954448	-0.167609	0.246851
10869		10.308016	1.763936	0.650481	-0.152079	-0.113695	0.021021	0.999997	-0.001901	-0.001421	0.000263	0.244349	0.002535	0.969684	-0.159694	0.986448	0.037662	-0.956447	-0.164055	0.241443
10870		10.488964	1.584591	0.764406	0.100958	-0.047595	0.026011	0.999999	0.001262	-0.000595	0.000325	0.240654	-0.000825	0.970611	-0.161289	0.986062	0.040829	-0.957116	-0.166374	0.237167
10871		10.172901	1.472313	1.070611	0.253018	-0.026343	-0.027984	0.999995	0.003163	-0.000329	-0.000350	0.237926	-0.005085	0.971270	-0.166613	0.984950	0.045971	-0.956886	-0.172764	0.233498
10872		10.052742	1.503869	1.283225	0.282010	-0.022251	-0.103163	0.999993	0.003525	-0.000278	-0.001290	0.235828	-0.010757	0.971735	-0.172931	0.983515	0.052856	-0.956285	-0.180508	0.230080
10873		9.994446	1.661523	1.425643	0.179938	-0.028839	-0.154805	0.999996	0.002249	-0.000360	-0.001935	0.233899	-0.017666	0.972100	-0.176231	0.982503	0.060258	-0.956156	-0.185408	0.226693
10874		9.706206	1.371853	1.454987	0.021994	-0.004239	-0.204189	0.999997	0.000275	-0.000053	-0.002552	0.232399	-0.026010	0.972273	-0.175122	0.982186	0.068134	-0.956725	-0.186101	0.223704
10875		9.552115	0.975063	1.291111	-0.013977	0.037555	-0.242006	0.999995	-0.000175	0.000469	-0.003025	0.232679	-0.034754	0.971932	-0.172801	0.981983	0.076481	-0.957079	-0.185747	0.222481
10876		9.572615	0.943619	1.304727	0.077920	0.069658	-0.220970	0.999995	0.000974	0.000871	-0.002762	0.232747	-0.042981	0.971587	-0.173399	0.981182	0.084944	-0.956954	-0.188242	0.220915
10877		9.639033	0.997276	1.342529	0.228516	0.096664	-0.154205	0.999993	0.002856	0.001208	-0.001928	0.233738	-0.048900	0.971069	-0.178084	0.979686	0.092199	-0.955852	-0.194482	0.220281
10878		9.824271	0.934220	1.192370	0.432659	0.138175	-0.081953	0.999983	0.005408	0.001727	-0.001024	0.235482	-0.052375	0.970466	-0.187756	0.977284	0.098301	-0.953570	-0.205359	0.220299
10879		10.166537	1.103492	1.219478	0.566582	0.141710	-0.050672	0.999973	0.007082	0.001771	-0.000633	0.237756	-0.054596	0.969789	-0.201143	0.974010	0.104147	-0.950270	-0.219828	0.220595
10880		9.880266	1.007378	1.572329	0.504343	0.129627	-0.057441	0.999979	0.006304	0.001620	-0.000718	0.239763	-0.057032	0.969155	-0.211862	0.971139	0.109562	-0.947432	-0.231596	0.220760
10881		9.134750	0.688080	1.686380	0.450036	0.132995	-0.090371	0.999982	0.005625	0.001662	-0.001130	0.241654	-0.060202	0.968493	-0.221092	0.968406	0.115362	-0.944840	-0.242004	0.220709
10882		9.242507	1.093324	1.603689	0.387014	0.092836	-0.114935	0.999987	0.004838	0.001160	-0.001437	0.242872	-0.063914	0.967951	-0.229087	0.965824	0.121254	-0.942620	-0.251195	0.219929
10883		10.302807	1.535298	1.721338	0.181770	-0.001180	-0.046474	0.999997	0.002272	-0.000015	-0.000581	0.241496	-0.066666	0.968109	-0.231904	0.964766	0.124285	-0.942285	-0.254523	0.217527
10884		10.610602	1.155135	1.858237	0.104740	-0.059901	0.053056	0.999999	0.001309	-0.000749	0.000663	0.238901	-0.067055	0.968726	-0.232637	0.964608	0.124142	-0.942765	-0.255020	0.214846
10885		9.981399	0.739398	1.847485	0.212849	-0.060262	0.084118	0.999996	0.002661	-0.000753	0.001051	0.235325	-0.066735	0.969623	-0.236538	0.963711	0.123735	-0.942694	-0.258470	0.211000
10886		9.669156	0.911178	1.839472	0.316142	-0.077646	0.083016	0.999991	0.003952	-0.000971	0.001038	0.231603	-0.066405	0.970541	-0.242369	0.962269	0.123676	-0.942135	-0.263873	0.206770
10887		9.619824	1.242315	1.983581	0.295655	-0.117063	0.089087	0.999991	0.003696	-0.001463	0.001114	0.227194	-0.065912	0.971616	-0.248462	0.960765	0.123274	-0.941621	-0.269417	0.201904
10888		9.594844	1.369996	2.114534	0.168461	-0.155249	0.109757	0.999995	0.002106	-0.001941	0.001372	0.221943	-0.065157	0.972880	-0.251727	0.960112	0.121729	-0.942006	-0.271917	0.196689
10889		9.598112	1.265991	2.242174	-0.001405	-0.189598	0.131232	0.999996	-0.000018	-0.002370	0.001640	0.215585	-0.064187	0.974373	-0.251405	0.960551	0.118901	-0.943567	-0.270595	0.190944
10890		9.668477	1.112562	2.256848	-0.113472	-0.211237	0.159276	0.999994	-0.001418	-0.002640	0.001991	0.208850	-0.062498	0.975949	-0.247732	0.962024	0.114620	-0.946050	-0.265713	0.185436
10891		9.813048	0.968999	2.088507	-0.108688	-0.214318	0.194401	0.999993	-0.001359	-0.002679	0.002430	0.201672	-0.059930	0.977618	-0.245670	0.963124	0.109720	-0.948143	-0.262299	0.179512
10892		9.846096	0.994670	1.983877	-0.026216	-0.218469	0.206170	0.999993	-0.000328	-0.002731	0.002577	0.194925	-0.056952	0.979163	-0.244892	0.963868	0.104814	-0.949754	-0.260220	0.173935
10893		9.809628	1.081763	2.056109	-0.016154	-0.221893	0.202574	0.999993	-0.000202	-0.002774	0.002532	0.188439	-0.053878	0.980606	-0.243989	0.964620	0.099886	-0.951294	-0.258080	0.168626
10894		9.887894	1.101591	2.134355	-0.030635	-0.215509	0.182004	0.999994	-0.000383	-0.002694	0.002275	0.182068	-0.051284	0.981948	-0.242548	0.965438	0.095394	-0.952902	-0.255538	0.163336
10895		9.902903	1.075861	2.132941	-0.075692	-0.188813	0.154600	0.999995	-0.000946	-0.002360	0.001932	0.176655	-0.049197	0.983043	-0.240584	0.966297	0.091592	-0.954417	-0.252684	0.158866
10896		9.812716	1.055737	2.035106	-0.086038	-0.154291	0.119337	0.999996	-0.001075	-0.001929	0.001492	0.172103	-0.047663	0.983925	-0.238174	0.967181	0.088512	-0.955852	-0.249579	0.155103
10897		9.832996	0.949665	1.932223	-0.070101	-0.123746	0.084945	0.999998	-0.000876	-0.001547	0.001062	0.168210	-0.046749	0.984642	-0.236182	0.967869	0.086301	-0.957039	-0.247072	0.151764
10898		9.961859	0.899175	1.982330	-0.011683	-0.090686	0.058101	0.999999	-0.000146	-0.001134	0.000726	0.165809	-0.046261	0.985072	-0.235075	0.968250	0.085039	-0.957730	-0.245666	0.149670
10899		9.849917	0.927247	2.006504	0.005580	-0.054948	0.036278	1.000000	0.000070	-0.000687	0.000453	0.164318	-0.046097	0.985330	-0.234793	0.968369	0.084459	-0.958056	-0.245227	0.148297
10900		9.681290	0.871832	1.967627	-0.005850	-0.042429	0.012857	1.000000	-0.000073	-0.000530	0.000161	0.163300	-0.046367	0.985486	-0.233923	0.968591	0.084334	-0.958443	-0.244299	0.147324
10901		9.559182	0.724729	1.977346	-0.005521	-0.034172	-0.015838	1.000000	-0.000069	-0.000427	-0.000198	0.163039	-0.047453	0.985478	-0.232896	0.968764	0.085179	-0.958737	-0.243402	0.146895
10902		9.636157	0.736988	1.897475	-0.001031	-0.027861	-0.028014	1.000000	-0.000013	-0.000348	-0.000350	0.162688	-0.048624	0.985479	-0.232328	0.968814	0.086156	-0.958935	-0.242970	0.146318
10903		9.897430	0.750939	1.819924	-0.032091	-0.025485	-0.031355	1.000000	-0.000401	-0.000319	-0.000392	0.162697	-0.049901	0.985413	-0.230331	0.969206	0.087109	-0.959415	-0.241144	0.146193
10904		9.989416	0.575945	1.745677	-0.015179	-0.013336	-0.030364	1.000000	-0.000190	-0.000167	-0.000380	0.162716	-0.051092	0.985349	-0.229784	0.969237	0.088202	-0.959543	-0.240769	0.145970
10905		9.839164	0.453603	1.753308	0.052830	-0.012262	-0.034625	1.000000	0.000660	-0.000153	-0.000433	0.162847	-0.052179	0.985271	-0.230403	0.968980	0.089397	-0.959372	-0.241568	0.145774
10906		9.557829	0.571513	1.786448	0.100042	-0.035232	-0.042177	0.999999	0.001251	-0.000440	-0.000527	0.162899	-0.053612	0.985185	-0.231150	0.968659	0.090933	-0.959184	-0.242539	0.145401
10907		9.579128	0.702205	1.824702	0.060673	-0.058384	-0.044222	0.999999	0.000758	-0.000730	-0.000553	0.162149	-0.055257	0.985218	-0.231538	0.968426	0.092422	-0.959217	-0.243102	0.144235
10908		9.704444	0.609358	1.815445	0.007548	-0.054716	-0.041285	1.000000	0.000094	-0.000684	-0.000516	0.161271	-0.056678	0.985281	-0.231085	0.968427	0.093533	-0.959475	-0.242768	0.143082
10909		9.774288	0.532124	1.642750	0.070382	-0.059602	-0.037359	0.999999	0.000880	-0.000745	-0.000467	0.160391	-0.057888	0.985355	-0.231964	0.968110	0.094633	-0.959410	-0.243745	0.141848
10910		9.724373	0.663377	1.676839	0.151093	-0.072566	-0.048938	0.999998	0.001889	-0.000907	-0.000612	0.159370	-0.059581	0.985419	-0.234318	0.967370	0.096385	-0.959008	-0.246262	0.140209
10911		9.887794	1.015081	1.852191	0.116772	-0.067297	-0.057860	0.999998	0.001460	-0.000841	-0.000723	0.158395	-0.061422	0.985464	-0.236408	0.966674	0.098249	-0.958657	-0.248534	0.138596
10912		9.941023	1.100657	1.850374	-0.050118	-0.029152	-0.052682	1.000000	-0.000626	-0.000364	-0.000659	0.158292	-0.063081	0.985375	-0.234355	0.967040	0.099555	-0.959177	-0.246686	0.138292
10913		9.902404	0.867776	1.702821	-0.128109	0.014490	-0.071332	0.999998	-0.001601	0.000181	-0.000892	0.159390	-0.064759	0.985089	-0.230621	0.967794	0.100937	-0.959900	-0.243271	0.139322
10914		9.868632	0.764557	1.574450	-0.058044	0.043523	-0.098417	0.999999	-0.000726	0.000544	-0.001230	0.161362	-0.067067	0.984614	-0.228157	0.968125	0.103335	-0.960160	-0.241321	0.140917
10915		9.658152	0.952660	1.618322	0.007130	0.064167	-0.124843	0.999998	0.000089	0.000802	-0.001561	0.163830	-0.069557	0.984033	-0.227632	0.967926	0.106317	-0.959866	-0.241415	0.142742
10916		9.593082	1.022428	1.648700	-0.002190	0.072802	-0.135805	0.999998	-0.000027	0.000910	-0.001698	0.166718	-0.072494	0.983336	-0.226261	0.967868	0.109714	-0.959693	-0.240782	0.144958
10917		9.752503	1.078086	1.638726	-0.007001	0.089726	-0.128938	0.999998	-0.000088	0.001122	-0.001612	0.170052	-0.075239	0.982559	-0.224641	0.967868	0.112993	-0.959489	-0.239938	0.147686
10918		9.664191	1.122629	1.633605	-0.000956	0.110500	-0.116561	0.999998	-0.000012	0.001381	-0.001457	0.173588	-0.077423	0.981770	-0.223935	0.967687	0.115907	-0.959021	-0.239973	0.150641
10919		9.392084	1.068356	1.581515	0.020045	0.106022	-0.106174	0.999998	0.000251	0.001325	-0.001327	0.177147	-0.079643	0.980957	-0.223138	0.967515	0.118848	-0.958555	-0.239942	0.153621
10920		9.400782	1.131144	1.655139	0.040159	0.083181	-0.108202	0.999998	0.000502	0.001040	-0.001353	0.180019	-0.081754	0.980260	-0.223293	0.967129	0.121665	-0.957984	-0.240787	0.155847
10921		9.783361	1.281154	1.767232	-0.041302	0.068250	-0.089101	0.999999	-0.000516	0.000853	-0.001114	0.182382	-0.083404	0.979684	-0.221800	0.967222	0.123634	-0.957884	-0.239843	0.157905
10922		10.005543	1.240463	1.669798	-0.071819	0.055148	-0.049386	0.999999	-0.000898	0.000689	-0.000617	0.184366	-0.084510	0.979218	-0.219157	0.967678	0.124777	-0.958112	-0.237607	0.159886
10923		9.929917	1.190216	1.610879	-0.017232	0.031545	-0.014582	1.000000	-0.000215	0.000394	-0.000182	0.185437	-0.084427	0.979023	-0.218651	0.967780	0.124872	-0.958021	-0.237220	0.161002
10924		9.731421	1.289025	1.720155	-0.002656	0.010741	-0.006379	1.000000	-0.000033	0.000134	-0.000080	0.185865	-0.084325	0.978950	-0.218720	0.967763	0.124887	-0.957923	-0.237328	0.161430
10925		9.622091	1.184064	1.724335	-0.040261	0.011423	-0.011990	1.000000	-0.000503	0.000143	-0.000150	0.186556	-0.084670	0.978789	-0.217145	0.968086	0.125132	-0.958147	-0.235884	0.162216
10926		9.719747	1.202237	1.661503	-0.013737	0.008038	-0.019025	1.000000	-0.000172	0.000100	-0.000238	0.187068	-0.084941	0.978668	-0.216694	0.968146	0.125448	-0.958149	-0.235539	0.162703
10927		9.894668	1.367824	1.673974	-0.025947	-0.005742	-0.002325	1.000000	-0.000324	-0.000072	-0.000029	0.187193	-0.084998	0.978639	-0.215904	0.968329	0.125400	-0.958303	-0.234766	0.162913
10928		9.694086	1.400117	1.785807	-0.103641	-0.020448	0.022838	0.999999	-0.001296	-0.000256	0.000285	0.186751	-0.084848	0.978736	-0.212873	0.969099	0.124631	-0.959067	-0.231622	0.162919
10929		9.488846	1.274927	1.730235	-0.164642	-0.026082	0.034066	0.999998	-0.002058	-0.000326	0.000426	0.186421	-0.084286	0.978848	-0.208275	0.970278	0.123214	-0.960140	-0.226839	0.163325
10930		9.563776	1.197153	1.708310	-0.190818	-0.020238	0.034432	0.999997	-0.002385	-0.000253	0.000430	0.185884	-0.083611	0.979008	-0.203722	0.971442	0.121646	-0.961220	-0.222057	0.163543
10931		9.810473	1.042021	1.594603	-0.143347	0.002955	0.037652	0.999998	-0.001792	0.000037	0.000471	0.185779	-0.082799	0.979097	-0.200309	0.972327	0.120234	-0.961958	-0.218459	0.164053
10932		9.789629	1.047496	1.552016	-0.043183	0.028947	0.030797	1.000000	-0.000540	0.000362	0.000385	0.186678	-0.081634	0.979024	-0.199436	0.972642	0.119130	-0.961965	-0.217492	0.165290
10933		9.616157	1.197803	1.644041	-0.030674	0.025366	0.014544	1.000000	-0.000383	0.000317	0.000182	0.187565	-0.081022	0.978905	-0.198471	0.972910	0.118554	-0.961992	-0.216521	0.166404
10934		9.623629	1.145460	1.744096	-0.070273	0.010326	0.004112	1.000000	-0.000878	0.000129	0.000051	0.188045	-0.080981	0.978816	-0.196398	0.973366	0.118261	-0.962324	-0.214476	0.167133
10935		9.720006	1.118644	1.757716	-0.105783	0.008070	0.002573	0.999999	-0.001322	0.000101	0.000032	0.188180	-0.080950	0.978793	-0.193911	0.973917	0.117827	-0.962802	-0.211971	0.167575
10936		9.884803	1.087862	1.663605	-0.100904	0.014751	0.007069	0.999999	-0.001261	0.000184	0.000088	0.188894	-0.080539	0.978689	-0.191311	0.974517	0.117120	-0.963182	-0.209358	0.168672
10937		10.141391	0.987978	1.657384	-0.069414	0.038254	-0.000832	1.000000	-0.000868	0.000478	-0.000010	0.190050	-0.080356	0.978480	-0.189441	0.974914	0.116858	-0.963324	-0.207573	0.170060
10938		10.194566	0.804258	1.608411	0.034055	0.088986	-0.023276	0.999999	0.000426	0.001112	-0.000291	0.192378	-0.080453	0.978017	-0.190151	0.974688	0.117582	-0.962722	-0.208591	0.172210
10939		9.840822	0.575268	1.533195	0.168245	0.138191	-0.077039	0.999996	0.002103	0.001727	-0.000963	0.196272	-0.081648	0.977144	-0.193637	0.973676	0.120253	-0.961240	-0.212813	0.175295
10940		9.564063	0.593112	1.555348	0.293787	0.166525	-0.144303	0.999989	0.003672	0.002082	-0.001804	0.201300	-0.084279	0.975897	-0.199507	0.971880	0.125084	-0.958997	-0.219878	0.178826
10941		9.636354	0.831838	1.625366	0.330062	0.176222	-0.165149	0.999987	0.004126	0.002203	-0.002064	0.206555	-0.087536	0.974511	-0.205910	0.969796	0.130756	-0.956523	-0.227670	0.182292
10942		9.573012	0.960317	1.635587	0.296280	0.169325	-0.135528	0.999989	0.003703	0.002117	-0.001694	0.211462	-0.089903	0.973243	-0.211921	0.967855	0.135451	-0.954135	-0.234893	0.185613
10943		9.483950	0.943465	1.593684	0.297724	0.141446	-0.082132	0.999991	0.003722	0.001768	-0.001027	0.215507	-0.091003	0.972253	-0.218343	0.965949	0.138811	-0.951779	-0.242199	0.188299
10944		9.681852	1.178443	1.627312	0.293575	0.090681	-0.030855	0.999993	0.003670	0.001134	-0.000386	0.217875	-0.091346	0.971693	-0.224771	0.964151	0.141036	-0.949741	-0.249137	0.189532
10945		9.856716	1.288416	1.668980	0.215263	0.038738	0.014532	0.999996	0.002691	0.000484	0.000182	0.218784	-0.090490	0.971568	-0.230173	0.962807	0.141505	-0.948237	-0.254588	0.189818
10946		9.789441	1.298835	1.683586	0.148785	-0.003331	0.032757	0.999998	0.001860	-0.000042	0.000409	0.218478	-0.089436	0.971735	-0.234319	0.961850	0.141209	-0.947292	-0.258547	0.189186
10947		9.618211	1.265435	1.770044	0.076872	-0.036869	0.012056	0.999999	0.000961	-0.000461	0.000151	0.217526	-0.089534	0.971939	-0.235892	0.961443	0.141361	-0.947121	-0.260023	0.188018
10948		9.646730	1.274206	1.823768	-0.010982	-0.053033	-0.016016	1.000000	-0.000137	-0.000663	-0.000200	0.216560	-0.090113	0.972102	-0.235408	0.961530	0.141576	-0.947462	-0.259500	0.187016
10949		9.697339	1.364192	1.781311	-0.082415	-0.061213	-0.045097	0.999999	-0.001030	-0.000765	-0.000564	0.215416	-0.091825	0.972196	-0.232684	0.962067	0.142426	-0.948396	-0.256895	0.185878
10950		9.689599	1.458751	1.894491	-0.154158	-0.076623	-0.052895	0.999997	-0.001927	-0.000958	-0.000661	0.214102	-0.093625	0.972314	-0.228387	0.963008	0.143019	-0.949737	-0.252684	0.184799
10951		9.716991	1.508398	2.048263	-0.200775	-0.100032	-0.038416	0.999996	-0.002510	-0.001250	-0.000480	0.212109	-0.094922	0.972625	-0.223570	0.964163	0.142852	-0.951329	-0.247750	0.183286
10952		9.839825	1.476249	2.079915	-0.206392	-0.111936	-0.011694	0.999996	-0.002580	-0.001399	-0.000146	0.209718	-0.095778	0.973060	-0.218514	0.965429	0.142122	-0.953032	-0.242433	0.181539
10953		9.772642	1.529855	2.087981	-0.182355	-0.119190	0.003020	0.999996	-0.002279	-0.001490	0.000038	0.206927	-0.096410	0.973594	-0.214108	0.966548	0.141218	-0.954641	-0.237676	0.179363
10954		9.586706	1.501082	2.113653	-0.187567	-0.115697	-0.003902	0.999996	-0.002345	-0.001446	-0.000049	0.204304	-0.097302	0.974060	-0.209198	0.967720	0.140547	-0.956293	-0.232485	0.177354
10955		9.573287	1.471779	2.060652	-0.188860	-0.100133	-0.018104	0.999996	-0.002361	-0.001252	-0.000226	0.202278	-0.098259	0.974386	-0.204367	0.968814	0.140123	-0.957767	-0.227476	0.175889
10956		9.670656	1.459223	1.994664	-0.156169	-0.079018	-0.028980	0.999998	-0.001952	-0.000988	-0.000362	0.200728	-0.099266	0.974605	-0.200451	0.969643	0.140045	-0.958920	-0.223471	0.174736
10957		9.731101	1.488892	1.991379	-0.128446	-0.058278	-0.035627	0.999998	-0.001606	-0.000728	-0.000445	0.199651	-0.100612	0.974688	-0.196746	0.970341	0.140464	-0.959912	-0.219810	0.173935
10958		9.793354	1.398067	1.918835	-0.084746	-0.035514	-0.043815	0.999999	-0.001059	-0.000444	-0.000548	0.199065	-0.101992	0.974664	-0.194270	0.970724	0.141258	-0.960537	-0.217468	0.173423
10959		9.822809	1.484598	1.929782	-0.040112	-0.019872	-0.058961	1.000000	-0.000501	-0.000248	-0.000737	0.198928	-0.103452	0.974539	-0.193123	0.970775	0.142474	-0.960797	-0.216548	0.173135
10960		9.732550	1.425027	1.919587	-0.042155	-0.009332	-0.067017	1.000000	-0.000527	-0.000117	-0.000838	0.199398	-0.105136	0.974262	-0.191447	0.970889	0.143955	-0.961035	-0.215224	0.173466
10961		9.743484	1.397160	1.853381	-0.026531	-0.005693	-0.076934	0.999999	-0.000332	-0.000071	-0.000962	0.199769	-0.107159	0.973966	-0.190084	0.970880	0.145808	-0.961229	-0.214263	0.173582
10962		9.728344	1.257864	1.796932	-0.018844	0.004541	-0.086413	0.999999	-0.000236	0.000057	-0.001080	0.200528	-0.109293	0.973573	-0.188914	0.970793	0.147892	-0.961301	-0.213578	0.174024
10963		9.721881	1.222759	1.697825	0.015194	0.014818	-0.085696	0.999999	0.000190	0.000185	-0.001071	0.201453	-0.111146	0.973172	-0.188956	0.970469	0.149953	-0.961100	-0.214095	0.174502
10964		9.734940	1.262273	1.715237	0.045576	0.011334	-0.070242	0.999999	0.000570	0.000142	-0.000878	0.202322	-0.112751	0.972807	-0.189563	0.970054	0.151857	-0.960797	-0.215132	0.174890
10965		9.715655	1.276849	1.748303	0.030505	0.005051	-0.047083	1.000000	0.000381	0.000063	-0.000589	0.202860	-0.113813	0.972571	-0.189987	0.969774	0.153113	-0.960600	-0.215836	0.175106
10966		9.758520	1.191108	1.705384	0.014359	-0.001601	-0.036480	1.000000	0.000179	-0.000020	-0.000456	0.203200	-0.114549	0.972414	-0.190267	0.969583	0.153974	-0.960473	-0.216305	0.175224
10967		9.717109	1.205980	1.689060	-0.000948	-0.005519	-0.034847	1.000000	-0.000012	-0.000069	-0.000436	0.203418	-0.115182	0.972293	-0.190265	0.969475	0.154654	-0.960427	-0.216453	0.175294
10968		9.661067	1.226577	1.702250	-0.031664	-0.017711	-0.025588	1.000000	-0.000396	-0.000221	-0.000320	0.203192	-0.115982	0.972246	-0.189097	0.969618	0.155188	-0.960706	-0.215382	0.175086
10969		9.665895	1.226409	1.747856	-0.033966	-0.022851	-0.009816	1.000000	-0.000425	-0.000286	-0.000123	0.202817	-0.116209	0.972297	-0.188306	0.969772	0.155187	-0.960940	-0.214564	0.174804
10970		9.647573	1.319712	1.743910	-0.065396	-0.022467	0.003808	1.000000	-0.000817	-0.000281	0.000048	0.202476	-0.116341	0.972352	-0.186370	0.970193	0.154891	-0.961390	-0.212578	0.174759
10971		9.637542	1.307031	1.742758	-0.081364	-0.027907	0.013887	0.999999	-0.001017	-0.000349	0.000174	0.201951	-0.116098	0.972490	-0.184371	0.970690	0.154170	-0.961885	-0.210434	0.174627
10972		9.640136	1.387412	1.846087	-0.101963	-0.035170	0.009999	0.999999	-0.001275	-0.000440	0.000125	0.201198	-0.116141	0.972641	-0.181634	0.971304	0.153554	-0.962564	-0.207559	0.174329
10973		9.679940	1.341219	1.901610	-0.145184	-0.031187	0.001927	0.999998	-0.001815	-0.000390	0.000024	0.200611	-0.116259	0.972748	-0.177955	0.972090	0.152880	-0.963373	-0.203774	0.174323
10974		9.660559	1.353669	1.861637	-0.141685	-0.015287	-0.008496	0.999998	-0.001771	-0.000191	-0.000106	0.200586	-0.116573	0.972716	-0.174195	0.972830	0.152508	-0.964065	-0.200033	0.174830
10975		9.635168	1.442241	1.906756	-0.145868	-0.001655	-0.019572	0.999998	-0.001823	-0.000021	-0.000245	0.200668	-0.117091	0.972637	-0.170431	0.973519	0.152360	-0.964721	-0.196341	0.175398
10976		9.727811	1.402723	1.924307	-0.144088	0.010635	-0.021755	0.999998	-0.001801	0.000133	-0.000272	0.201153	-0.117315	0.972510	-0.167145	0.974132	0.152082	-0.965194	-0.193142	0.176341
10977		9.771002	1.390415	1.907598	-0.075102	0.022492	-0.023297	0.999999	-0.000939	0.000281	-0.000291	0.201955	-0.117693	0.972298	-0.165212	0.974433	0.152267	-0.965360	-0.191386	0.177348
10978		9.800388	1.464019	1.884724	-0.021006	0.037041	-0.027988	1.000000	-0.000263	0.000463	-0.000350	0.203079	-0.118103	0.972014	-0.164566	0.974462	0.152783	-0.965234	-0.190987	0.178456
10979		9.727570	1.491431	1.862457	-0.009218	0.041104	-0.041156	1.000000	-0.000115	0.000514	-0.000514	0.204388	-0.118895	0.971643	-0.163992	0.974409	0.153730	-0.965055	-0.190762	0.179660
10980		9.660393	1.460205	1.836637	0.002450	0.044832	-0.052980	1.000000	0.000031	0.000560	-0.000662	0.205678	-0.119960	0.971239	-0.163719	0.974254	0.155003	-0.964828	-0.190891	0.180743
10981		9.687679	1.494738	1.821681	-0.018971	0.046084	-0.068299	0.999999	-0.000237	0.000576	-0.000854	0.207147	-0.121438	0.970744	-0.162746	0.974162	0.156594	-0.964678	-0.190423	0.182031
10982		9.733668	1.443572	1.785513	-0.040495	0.049755	-0.072448	0.999999	-0.000506	0.000622	-0.000906	0.208781	-0.122933	0.970205	-0.161328	0.974147	0.158149	-0.964564	-0.189539	0.183551
10983		9.771774	1.361692	1.734872	-0.030582	0.052096	-0.067507	0.999999	-0.000382	0.000651	-0.000844	0.210439	-0.124154	0.969691	-0.160413	0.974073	0.159528	-0.964356	-0.189122	0.185066
10984		9.742575	1.325172	1.706902	0.010358	0.050189	-0.052809	1.000000	0.000129	0.000627	-0.000660	0.212169	-0.125061	0.969198	-0.160427	0.973865	0.160783	-0.963975	-0.189599	0.186561
10985		9.668688	1.365442	1.751979	0.030210	0.033483	-0.037278	1.000000	0.000378	0.000419	-0.000466	0.213274	-0.125590	0.968887	-0.161172	0.973593	0.161677	-0.963607	-0.190639	0.187401
10986		9.599316	1.438253	1.847601	-0.001357	0.013263	-0.020310	1.000000	-0.000017	0.000166	-0.000254	0.213793	-0.126118	0.968704	-0.160727	0.973576	0.162225	-0.963566	-0.190379	0.187873
10987		9.593618	1.420409	1.843069	-0.051353	0.000206	-0.008385	1.000000	-0.000642	0.000003	-0.000105	0.213998	-0.126368	0.968626	-0.159228	0.973822	0.162224	-0.963769	-0.188948	0.188275
10988		9.591085	1.389798	1.778381	-0.059512	-0.006347	0.006839	1.000000	-0.000744	-0.000079	0.000085	0.213986	-0.126164	0.968655	-0.157787	0.974138	0.161735	-0.964009	-0.187451	0.188545
10989		9.643469	1.435935	1.785332	-0.036596	-0.014895	0.018217	1.000000	-0.000457	-0.000186	0.000228	0.213738	-0.125826	0.968754	-0.156800	0.974394	0.161154	-0.964225	-0.186345	0.188536
10990		9.622235	1.489561	1.828572	-0.027472	-0.017458	0.026981	1.000000	-0.000343	-0.000218	0.000337	0.213328	-0.125230	0.968921	-0.156186	0.974624	0.160355	-0.964415	-0.185540	0.188356
10991		9.631622	1.471150	1.825401	-0.010791	-0.016712	0.023361	1.000000	-0.000135	-0.000209	0.000292	0.212848	-0.124721	0.969093	-0.155982	0.974763	0.159710	-0.964555	-0.185155	0.188022
10992		9.678106	1.530577	1.838946	-0.002770	-0.016150	0.009372	1.000000	-0.000035	-0.000202	0.000117	0.212536	-0.124670	0.969168	-0.155690	0.974837	0.159541	-0.964670	-0.184798	0.187778
10993		9.669447	1.515421	1.867884	-0.010271	-0.014354	-0.002479	1.000000	-0.000128	-0.000179	-0.000031	0.212271	-0.124745	0.969216	-0.155408	0.974887	0.159511	-0.964774	-0.184484	0.187554
10994		9.617628	1.532748	1.909843	-0.003481	-0.009942	-0.012272	1.000000	-0.000044	-0.000124	-0.000153	0.212203	-0.125144	0.969179	-0.155070	0.974888	0.159834	-0.964844	-0.184208	0.187468
10995		9.632117	1.520910	1.887929	0.009019	-0.004484	-0.016805	1.000000	0.000113	-0.000056	-0.000210	0.212265	-0.125485	0.969122	-0.155230	0.974799	0.160220	-0.964804	-0.184446	0.187437
10996		9.680610	1.559114	1.906901	-0.006917	-0.002904	-0.024228	1.000000	-0.000086	-0.000036	-0.000303	0.212419	-0.125965	0.969026	-0.155022	0.974754	0.160692	-0.964804	-0.184355	0.187529
10997		9.716294	1.573383	1.950673	-0.028248	-0.003690	-0.029019	1.000000	-0.000353	-0.000046	-0.000363	0.212577	-0.126746	0.968889	-0.154002	0.974814	0.161310	-0.964932	-0.183502	0.187704
10998		9.703696	1.514148	1.969189	-0.022884	-0.001884	-0.033788	1.000000	-0.000286	-0.000024	-0.000422	0.212816	-0.127493	0.968739	-0.153301	0.974815	0.161970	-0.964991	-0.182978	0.187911
10999		9.614190	1.521397	1.991722	-0.019112	0.005699	-0.039232	1.000000	-0.000239	0.000071	-0.000490	0.213338	-0.128322	0.968514	-0.152670	0.974779	0.162781	-0.964976	-0.182591	0.188367
11000		9.544993	1.534664	1.924030	-0.011464	0.016673	-0.047270	1.000000	-0.000143	0.000208	-0.000591	0.214011	-0.129390	0.968224	-0.152054	0.974694	0.163864	-0.964924	-0.182291	0.188921
11001		9.632520	1.638995	1.936930	-0.021773	0.014838	-0.043513	1.000000	-0.000272	0.000185	-0.000544	0.214681	-0.130362	0.967945	-0.151233	0.974662	0.164809	-0.964905	-0.181766	0.189527
11002		9.700056	1.585465	1.958672	-0.033988	0.013780	-0.029251	1.000000	-0.000425	0.000172	-0.000366	0.215246	-0.130982	0.967736	-0.150219	0.974729	0.165340	-0.964937	-0.180961	0.190131
11003		9.689460	1.558324	1.937696	-0.010440	0.014889	-0.015894	1.000000	-0.000131	0.000186	-0.000199	0.215783	-0.131252	0.967580	-0.149868	0.974731	0.165645	-0.964872	-0.180752	0.190660
11004		9.650130	1.626855	1.929329	-0.003846	0.010655	-0.010383	1.000000	-0.000048	0.000133	-0.000130	0.216379	-0.131404	0.967426	-0.149694	0.974719	0.165876	-0.964765	-0.180710	0.191239
11005		9.630784	1.583662	1.938929	-0.022314	0.006879	-0.016059	1.000000	-0.000279	0.000086	-0.000201	0.216770	-0.131708	0.967297	-0.149065	0.974772	0.166131	-0.964775	-0.180202	0.191668
11006		9.681367	1.605470	1.923386	-0.020206	0.008474	-0.022793	1.000000	-0.000253	0.000106	-0.000285	0.217278	-0.132189	0.967118	-0.148436	0.974790	0.166586	-0.964757	-0.179751	0.192179
11007		9.656163	1.594025	1.921194	-0.036638	0.007550	-0.028315	1.000000	-0.000458	0.000094	-0.000354	0.217677	-0.132908	0.966929	-0.147225	0.974878	0.167145	-0.964853	-0.178740	0.192642
11008		9.619131	1.551126	1.963069	-0.032704	0.005142	-0.033624	1.000000	-0.000409	0.000064	-0.000420	0.218081	-0.133737	0.966724	-0.146099	0.974930	0.167830	-0.964933	-0.177837	0.193074
11009		9.611455	1.620614	1.979535	-0.035679	0.001408	-0.035419	1.000000	-0.000446	0.000018	-0.000443	0.218395	-0.134522	0.966544	-0.145080	0.974970	0.168477	-0.965016	-0.177021	0.193412
11010		9.597911	1.617251	1.972910	-0.050694	-0.008857	-0.026163	1.000000	-0.000634	-0.000111	-0.000327	0.218445	-0.135306	0.966423	-0.143496	0.975121	0.168959	-0.965241	-0.175586	0.193595
11011		9.630724	1.608959	2.017964	-0.053475	-0.019208	-0.013265	1.000000	-0.000668	-0.000240	-0.000166	0.218191	-0.135697	0.966426	-0.142089	0.975316	0.169025	-0.965507	-0.174198	0.193524
11012		9.630599	1.564978	1.989097	-0.038326	-0.024482	0.003967	1.000000	-0.000479	-0.000306	0.000050	0.217771	-0.135720	0.966517	-0.141129	0.975498	0.168780	-0.965742	-0.173159	0.193281
11013		9.612230	1.599044	2.013382	-0.034981	-0.023891	0.004612	1.000000	-0.000437	-0.000299	0.000058	0.217324	-0.135655	0.966627	-0.140316	0.975668	0.168471	-0.965961	-0.172246	0.193002
11014		9.649624	1.595353	1.975871	-0.041370	-0.016297	0.005460	1.000000	-0.000517	-0.000204	0.000068	0.217112	-0.135509	0.966695	-0.139411	0.975861	0.168104	-0.966140	-0.171266	0.192980
11015		9.715428	1.569930	1.968029	-0.032072	-0.009430	0.003687	1.000000	-0.000401	-0.000118	0.000046	0.216994	-0.135559	0.966715	-0.138443	0.976028	0.167940	-0.966306	-0.170277	0.193025
11016		9.702217	1.599912	1.965517	-0.012204	-0.008511	0.006813	1.000000	-0.000153	-0.000106	0.000085	0.216869	-0.135385	0.966767	-0.138221	0.976101	0.167698	-0.966366	-0.169996	0.192973
11017		9.633963	1.592543	1.982992	-0.011494	-0.009492	0.005952	1.000000	-0.000144	-0.000119	0.000074	0.216830	-0.135218	0.966799	-0.137981	0.976173	0.167475	-0.966409	-0.169713	0.193006
11018		9.615586	1.594177	1.983444	-0.015509	-0.008695	0.005716	1.000000	-0.000194	-0.000109	0.000071	0.216716	-0.134960	0.966861	-0.137784	0.976255	0.167155	-0.966462	-0.169443	0.192975
11019		9.589922	1.615964	1.973055	-0.010735	-0.010021	0.005500	1.000000	-0.000134	-0.000125	0.000069	0.216571	-0.134726	0.966926	-0.137682	0.976318	0.166872	-0.966509	-0.169268	0.192893
11020		9.618087	1.648842	1.973845	-0.014798	-0.014202	0.009869	1.000000	-0.000185	-0.000178	0.000123	0.216339	-0.134572	0.966999	-0.137300	0.976418	0.166600	-0.966616	-0.168811	0.192760
11021		9.669377	1.637401	1.985411	-0.026335	-0.012915	0.013973	1.000000	-0.000329	-0.000161	0.000175	0.216151	-0.134260	0.967085	-0.136703	0.976582	0.166133	-0.966743	-0.168113	0.192735
11022		9.654340	1.580554	1.930416	-0.014069	-0.014685	0.010283	1.000000	-0.000176	-0.000184	0.000129	0.215948	-0.134077	0.967156	-0.136401	0.976672	0.165852	-0.966830	-0.167736	0.192622
11023		9.652129	1.585288	1.975646	0.005275	-0.020503	-0.000155	1.000000	0.000066	-0.000256	-0.000002	0.215674	-0.134074	0.967217	-0.136635	0.976640	0.165847	-0.966859	-0.167924	0.192317
11024		9.621495	1.606717	2.013252	-0.008531	-0.014859	-0.008734	1.000000	-0.000107	-0.000186	-0.000109	0.215463	-0.134405	0.967218	-0.136278	0.976651	0.166074	-0.966956	-0.167593	0.192116
11025		9.592112	1.596517	1.946545	-0.005848	-0.007680	-0.007954	1.000000	-0.000073	-0.000096	-0.000099	0.215399	-0.134532	0.967215	-0.136167	0.976651	0.166169	-0.966986	-0.167496	0.192051
11026		9.605285	1.656331	1.957686	-0.003632	-0.007956	-0.000683	1.000000	-0.000045	-0.000099	-0.000009	0.215305	-0.134482	0.967243	-0.136150	0.976665	0.166098	-0.967009	-0.167452	0.191971
11027		9.648970	1.609974	1.973963	-0.006496	-0.009653	0.003490	1.000000	-0.000081	-0.000121	0.000044	0.215283	-0.134430	0.967255	-0.136019	0.976697	0.166016	-0.967033	-0.167305	0.191981
11028		9.686229	1.617398	2.015548	-0.000806	-0.010700	0.001891	1.000000	-0.000010	-0.000134	0.000024	0.215187	-0.134331	0.967290	-0.136110	0.976701	0.165917	-0.967041	-0.167361	0.191890
11029		9.680147	1.629799	2.023006	-0.013694	-0.009894	-0.006057	1.000000	-0.000171	-0.000124	-0.000076	0.215076	-0.134462	0.967296	-0.135721	0.976749	0.165954	-0.967121	-0.166975	0.191826
11030		9.641176	1.563187	1.974160	-0.006957	0.000929	-0.011794	1.000000	-0.000087	0.000012	-0.000147	0.215355	-0.134744	0.967195	-0.135520	0.976727	0.166246	-0.967087	-0.166876	0.192083
11031		9.600387	1.606849	1.996842	0.010289	0.009290	-0.021096	1.000000	0.000129	0.000116	-0.000264	0.215796	-0.135155	0.967039	-0.135643	0.976622	0.166763	-0.966971	-0.167159	0.192418
11032		9.624518	1.637886	2.003503	0.005025	0.013351	-0.019237	1.000000	0.000063	0.000167	-0.000240	0.216212	-0.135594	0.966885	-0.135528	0.976554	0.167256	-0.966894	-0.167203	0.192766
11033		9.679298	1.629496	1.989893	0.010835	0.010390	-0.006834	1.000000	0.000135	0.000130	-0.000085	0.216629	-0.135678	0.966780	-0.135746	0.976489	0.167457	-0.966770	-0.167512	0.193119
11034		9.651861	1.645778	1.993875	0.003519	0.007058	-0.000134	1.000000	0.000044	0.000088	-0.000002	0.216963	-0.135607	0.966715	-0.135883	0.976468	0.167471	-0.966676	-0.167695	0.193430
11035		9.605692	1.623230	1.983487	-0.009316	0.003230	-0.004814	1.000000	-0.000116	0.000040	-0.000060	0.217296	-0.135653	0.966634	-0.135686	0.976484	0.167537	-0.966629	-0.167564	0.193780
11036		9.659538	1.561523	1.953409	-0.001658	0.003560	-0.010078	1.000000	-0.000021	0.000045	-0.000126	0.217604	-0.135791	0.966545	-0.135733	0.976442	0.167740	-0.966553	-0.167693	0.194046
11037		9.634103	1.639316	1.960735	0.009353	0.005112	-0.010823	1.000000	0.000117	0.000064	-0.000135	0.217893	-0.136066	0.966441	-0.135815	0.976372	0.168085	-0.966476	-0.167882	0.194265
11038		9.606975	1.599179	1.978896	-0.009030	0.003132	-0.014827	1.000000	-0.000113	0.000039	-0.000185	0.218261	-0.136344	0.966319	-0.135665	0.976338	0.168400	-0.966414	-0.167851	0.194600
11039		9.615415	1.591135	1.989591	-0.005898	0.003139	-0.008930	1.000000	-0.000074	0.000039	-0.000112	0.218504	-0.136483	0.966244	-0.135512	0.976333	0.168552	-0.966381	-0.167767	0.194838
11040		9.632791	1.629508	1.994257	0.001602	-0.000651	-0.001369	1.000000	0.000020	-0.000008	-0.000017	0.218619	-0.136453	0.966223	-0.135603	0.976319	0.168561	-0.966343	-0.167873	0.194938
11041		9.620985	1.628939	1.975472	-0.002475	-0.004209	0.006882	1.000000	-0.000031	-0.000053	0.000086	0.218586	-0.136199	0.966266	-0.135676	0.976352	0.168313	-0.966340	-0.167890	0.194938
11042		9.638256	1.646618	2.000345	-0.012618	-0.005392	0.007990	1.000000	-0.000158	-0.000067	0.000100	0.218692	-0.135944	0.966278	-0.135589	0.976408	0.168056	-0.966328	-0.167769	0.195101
11043		9.632431	1.614690	1.993060	-0.017724	-0.006772	0.005761	1.000000	-0.000222	-0.000085	0.000072	0.218682	-0.135842	0.966295	-0.135201	0.976493	0.167873	-0.966384	-0.167355	0.195176
11044		9.622118	1.614255	1.983341	-0.005993	-0.006781	0.001136	1.000000	-0.000075	-0.000085	0.000014	0.218677	-0.135745	0.966309	-0.135170	0.976516	0.167768	-0.966390	-0.167303	0.195193
11045		9.656198	1.678395	1.991387	-0.011410	-0.009735	0.001613	1.000000	-0.000143	-0.000122	0.000020	0.218558	-0.135730	0.966338	-0.134849	0.976577	0.167667	-0.966462	-0.166955	0.195136
11046		9.666475	1.674468	1.988438	-0.021825	-0.011458	0.008855	1.000000	-0.000273	-0.000143	0.000111	0.218371	-0.135514	0.966411	-0.134408	0.976696	0.167328	-0.966565	-0.166433	0.195068
11047		9.583673	1.655313	1.978525	-0.021887	-0.016984	0.011306	1.000000	-0.000274	-0.000212	0.000141	0.218044	-0.135270	0.966519	-0.133974	0.976823	0.166936	-0.966699	-0.165888	0.194867
11048		9.603943	1.582440	1.997848	-0.000613	-0.020717	0.001923	1.000000	-0.000008	-0.000259	0.000024	0.217591	-0.135322	0.966614	-0.133865	0.976846	0.166889	-0.966817	-0.165710	0.194438
11049		9.685912	1.638619	1.998437	0.002136	-0.009176	-0.005768	1.000000	0.000027	-0.000115	-0.000072	0.217580	-0.135522	0.966588	-0.133921	0.976802	0.167100	-0.966811	-0.165805	0.194384
11050		9.608320	1.638670	1.938736	0.012542	0.003868	-0.012703	1.000000	0.000157	0.000048	-0.000159	0.217899	-0.135733	0.966487	-0.134273	0.976696	0.167439	-0.966691	-0.166258	0.194596
