// Start Time: Unknown
// Update Rate: 40.0Hz
// Filter Profile: human (46.1)
// Firmware Version: 4.3.4
PacketCounter	SampleTimeFine	Acc_X	Acc_Y	Acc_Z	Gyr_X	Gyr_Y	Gyr_Z	OriInc_q0	OriInc_q1	OriInc_q2	OriInc_q3	Mat[1][1]	Mat[2][1]	Mat[3][1]	Mat[1][2]	Mat[2][2]	Mat[3][2]	Mat[1][3]	Mat[2][3]	Mat[3][3]
10839		9.915989	0.711536	6.840168	0.242411	0.038390	-0.218626	0.999992	0.003030	0.000480	-0.002733	-0.202988	0.531854	0.822148	-0.901573	-0.429116	0.055000	0.382049	-0.730063	0.566610
10840		10.046226	0.889611	6.812439	0.145668	0.122489	-0.232013	0.999993	0.001821	0.001531	-0.002900	-0.198933	0.536572	0.820071	-0.901343	-0.428670	0.061831	0.384716	-0.726865	0.568912
10841		10.289493	0.780481	6.822497	-0.026674	0.153616	-0.209562	0.999995	-0.000333	0.001920	-0.002620	-0.195681	0.541579	0.817558	-0.902629	-0.425369	0.065736	0.383365	-0.725089	0.572082
10842		10.336888	0.372099	6.295362	-0.163217	0.177503	-0.115583	0.999994	-0.002040	0.002219	-0.001445	-0.194748	0.546014	0.814826	-0.904750	-0.420835	0.065761	0.378814	-0.724408	0.575963
10843		10.422152	0.033725	6.271770	-0.261078	0.288706	0.020436	0.999988	-0.003263	0.003609	0.000255	-0.197920	0.550872	0.810782	-0.907096	-0.416409	0.061491	0.371491	-0.723287	0.582109
10844		10.516408	-0.112876	6.644026	-0.558877	0.371450	0.159769	0.999963	-0.006986	0.004643	0.001997	-0.204983	0.555578	0.805801	-0.911379	-0.408541	0.049837	0.356891	-0.724174	0.590085
10845		9.958856	-0.187078	6.564075	-0.632770	0.434506	0.310711	0.999946	-0.007909	0.005431	0.003884	-0.215964	0.559827	0.799971	-0.915277	-0.401404	0.033814	0.340041	-0.724892	0.599085
10846		9.874635	-0.447886	6.662229	-0.468463	0.448152	0.391942	0.999955	-0.005856	0.005602	0.004899	-0.228868	0.563275	0.793940	-0.917012	-0.398438	0.018332	0.326662	-0.723857	0.607720
10847		9.480156	-0.284500	6.931318	-0.414980	0.397822	0.446198	0.999959	-0.005187	0.004973	0.005577	-0.242581	0.565077	0.788570	-0.917723	-0.397215	0.002327	0.314547	-0.723124	0.614941
10848		9.145411	-0.370482	6.981369	-0.334002	0.208499	0.506729	0.999968	-0.004175	0.002606	0.006334	-0.256060	0.562920	0.785846	-0.917175	-0.398255	-0.013573	0.305326	-0.724234	0.618273
10849		9.084575	-0.604411	6.702876	-0.108241	0.172156	0.510334	0.999976	-0.001353	0.002152	0.006379	-0.269352	0.560033	0.783462	-0.914668	-0.403360	-0.026131	0.301383	-0.723647	0.620890
10850		9.280816	-0.371757	6.801906	0.101846	0.177437	0.477039	0.999979	0.001273	0.002218	0.005963	-0.281824	0.557467	0.780901	-0.910628	-0.411768	-0.034690	0.302211	-0.720887	0.623691
10851		9.384727	0.353686	7.538333	0.181664	0.100420	0.402975	0.999984	0.002271	0.001255	0.005037	-0.291949	0.554163	0.779531	-0.906411	-0.420442	-0.040579	0.305260	-0.718423	0.625047
10852		9.688710	0.038470	7.969259	0.279645	-0.023739	0.332702	0.999985	0.003496	-0.000297	0.004159	-0.299324	0.549424	0.780089	-0.901882	-0.429802	-0.043343	0.311470	-0.716522	0.624166
10853		9.362969	-0.998571	7.614176	0.591416	-0.086700	0.279751	0.999966	0.007393	-0.001084	0.003497	-0.304778	0.544308	0.781562	-0.895140	-0.444001	-0.039851	0.325323	-0.711753	0.622553
10854		9.305086	-0.822045	7.092619	0.894961	-0.272768	0.207232	0.999928	0.011187	-0.003410	0.002590	-0.307081	0.536759	0.785870	-0.886148	-0.462402	-0.030439	0.347049	-0.705744	0.617643
10855		9.496381	-0.449172	7.634670	1.203333	-0.400941	0.138818	0.999873	0.015041	-0.005012	0.001735	-0.306530	0.527473	0.792346	-0.874226	-0.485284	-0.015147	0.376523	-0.697332	0.609884
10856		9.130190	-0.761847	7.206950	1.442751	-0.525122	0.095218	0.999815	0.018033	-0.006564	0.001190	-0.303471	0.516674	0.800596	-0.859258	-0.511523	0.004410	0.411802	-0.686580	0.599189
10857		8.356559	-0.864360	4.618949	1.761872	-0.748852	0.199450	0.999711	0.022021	-0.009360	0.002493	-0.299819	0.500892	0.811921	-0.838708	-0.543966	0.025874	0.454618	-0.673207	0.583193
10858		11.236761	1.076498	5.948985	1.590376	-0.838206	0.285956	0.999741	0.019878	-0.010477	0.003574	-0.296075	0.481992	0.824635	-0.817880	-0.573870	0.041772	0.493367	-0.662085	0.564120
10859		10.665576	4.794597	5.818053	0.762607	-0.686292	0.209302	0.999914	0.009532	-0.008578	0.002616	-0.291440	0.466758	0.834985	-0.806977	-0.588677	0.047407	0.513664	-0.659998	0.548227
10860		9.513129	1.303118	4.024763	-0.025717	-0.540255	0.051729	0.999977	-0.000321	-0.006753	0.000647	-0.284232	0.456744	0.842969	-0.807011	-0.588675	0.046853	0.517635	-0.666968	0.535918
10861		9.940812	0.960744	2.110052	-0.097308	-0.516746	0.036570	0.999978	-0.001216	-0.006459	0.000457	-0.276645	0.446957	0.850704	-0.808079	-0.587292	0.045777	0.520072	-0.674772	0.523648
10862		9.959477	0.432423	2.404311	-0.509155	-0.472751	0.068037	0.999962	-0.006364	-0.005909	0.000850	-0.269734	0.436908	0.858112	-0.814417	-0.578983	0.038790	0.513780	-0.688397	0.511996
10863		10.152987	-1.373273	3.217253	-0.452060	-0.404324	0.129706	0.999970	-0.005651	-0.005054	0.001621	-0.264780	0.426641	0.864794	-0.819815	-0.571785	0.031079	0.507736	-0.700742	0.501164
10864		9.916227	-0.550852	3.287056	-0.229199	-0.350761	0.264262	0.999981	-0.002865	-0.004384	0.003303	-0.263379	0.414875	0.870925	-0.821724	-0.569431	0.022755	0.505371	-0.709667	0.490890
10865		9.524490	-0.629764	4.492181	-0.207270	-0.282344	0.311643	0.999983	-0.002591	-0.003529	0.003896	-0.263894	0.403568	0.876067	-0.822983	-0.567900	0.013704	0.503049	-0.717372	0.481996
10866		9.555211	-0.676687	5.298754	-0.117997	-0.246917	0.268006	0.999989	-0.001475	-0.003086	0.003350	-0.264121	0.393446	0.880591	-0.823529	-0.567238	0.006434	0.502036	-0.723493	0.473833
10867		9.425112	-0.448302	5.353746	-0.031733	-0.274400	0.290472	0.999987	-0.000397	-0.003430	0.003631	-0.265023	0.382975	0.884926	-0.822840	-0.568273	-0.000494	0.502690	-0.728283	0.465732
10868		9.866680	0.231855	4.811213	-0.054189	-0.278796	0.326684	0.999985	-0.000677	-0.003485	0.004084	-0.266778	0.371863	0.889127	-0.822443	-0.568778	-0.008888	0.502411	-0.733628	0.457574
10869		9.830852	0.583993	4.522528	-0.203903	-0.276421	0.330470	0.999982	-0.002549	-0.003455	0.004131	-0.268598	0.360782	0.893136	-0.823872	-0.566459	-0.018946	0.499090	-0.740919	0.449387
10870		9.732162	-0.141082	4.140751	-0.269756	-0.212656	0.265421	0.999985	-0.003372	-0.002658	0.003318	-0.269927	0.352249	0.896136	-0.826388	-0.562412	-0.027848	0.494189	-0.748073	0.442904
10871		9.704871	-0.608142	3.656468	-0.099477	-0.242512	0.197015	0.999992	-0.001243	-0.003031	0.002463	-0.269878	0.344338	0.899220	-0.827221	-0.560878	-0.033493	0.492820	-0.752893	0.436212
10872		9.840424	-0.966255	3.865633	0.006589	-0.240223	0.139977	0.999994	0.000082	-0.003003	0.001750	-0.268366	0.337160	0.902387	-0.827178	-0.560755	-0.036484	0.493717	-0.756225	0.429379
10873		9.937184	-0.113638	4.567604	0.070962	-0.189915	0.120933	0.999996	0.000887	-0.002374	0.001512	-0.267116	0.331037	0.905021	-0.826411	-0.561754	-0.038437	0.495675	-0.758187	0.423626
10874		9.717378	-0.240249	4.658473	-0.099603	-0.134072	0.072178	0.999997	-0.001245	-0.001676	0.000902	-0.265542	0.326837	0.907009	-0.827976	-0.559272	-0.040873	0.493906	-0.761835	0.419123
10875		9.259490	-1.189372	3.096857	-0.050927	-0.172396	0.036659	0.999997	-0.000637	-0.002155	0.000458	-0.263132	0.322799	0.909155	-0.829144	-0.557451	-0.042050	0.493235	-0.764885	0.414330
10876		9.356822	-2.285118	3.477261	-0.072339	-0.149640	0.027796	0.999998	-0.000904	-0.001870	0.000347	-0.260490	0.318707	0.911356	-0.831005	-0.554554	-0.043593	0.491503	-0.768697	0.409303
10877		9.912683	-1.583866	4.131682	0.159499	-0.108040	0.047854	0.999997	0.001994	-0.001350	0.000598	-0.258923	0.315366	0.912964	-0.829704	-0.556540	-0.043064	0.494520	-0.768640	0.405761
10878		10.193730	-0.965336	3.576946	0.155670	-0.109245	0.077088	0.999997	0.001946	-0.001366	0.000964	-0.257960	0.311575	0.914537	-0.828426	-0.558413	-0.043424	0.497159	-0.768828	0.402165
10879		9.519683	-1.046611	2.747313	0.120730	-0.145310	0.096098	0.999996	0.001509	-0.001816	0.001201	-0.256964	0.306774	0.916439	-0.827533	-0.559634	-0.044700	0.499158	-0.769870	0.397671
10880		9.343674	-1.307961	3.660898	0.087851	-0.135674	0.100309	0.999997	0.001098	-0.001696	0.001254	-0.256340	0.302140	0.918151	-0.827179	-0.559998	-0.046660	0.500065	-0.771436	0.393474
10881		9.229876	-0.390062	5.379340	0.035104	-0.041986	0.076033	0.999999	0.000439	-0.000525	0.000950	-0.256404	0.299681	0.918939	-0.827467	-0.559420	-0.048445	0.499554	-0.772813	0.391414
10882		10.618083	-0.031445	4.605468	-0.069567	0.111031	0.011848	0.999999	-0.000870	0.001388	0.000148	-0.257289	0.301349	0.918145	-0.829497	-0.556281	-0.049868	0.495719	-0.774429	0.393093
10883		9.548145	-0.250700	3.049618	-0.131779	0.080583	-0.072840	0.999998	-0.001647	0.001007	-0.000910	-0.255715	0.303423	0.917902	-0.832737	-0.551433	-0.049707	0.491079	-0.777082	0.393681
10884		9.278532	-1.512690	3.223331	-0.036519	0.022251	-0.129331	0.999999	-0.000456	0.000278	-0.001617	-0.252122	0.305255	0.918288	-0.835198	-0.547922	-0.047170	0.488751	-0.778846	0.393092
10885		9.461508	-1.475114	4.207594	0.153895	0.086264	-0.130067	0.999996	0.001924	0.001078	-0.001626	-0.249270	0.308295	0.918052	-0.835327	-0.548089	-0.042753	0.489993	-0.777530	0.394149
10886		9.942234	-0.364069	4.432107	0.038574	0.140209	-0.117221	0.999997	0.000482	0.001753	-0.001465	-0.247572	0.312135	0.917213	-0.836836	-0.545985	-0.040074	0.488276	-0.777478	0.396377
10887		9.637441	-0.390920	4.417182	-0.134151	0.148722	-0.118374	0.999996	-0.001677	0.001859	-0.001480	-0.245820	0.316391	0.916226	-0.840342	-0.540670	-0.038757	0.483113	-0.779470	0.398784
10888		9.629059	-1.006052	4.194823	-0.153374	0.113080	-0.167292	0.999995	-0.001917	0.001413	-0.002091	-0.242631	0.320516	0.915642	-0.844312	-0.534601	-0.036595	0.477773	-0.781967	0.400326
10889		9.585636	-1.307461	4.173799	-0.001371	0.094015	-0.186121	0.999997	-0.000017	0.001175	-0.002327	-0.238811	0.324683	0.915178	-0.846597	-0.531245	-0.032442	0.475650	-0.782534	0.401743
10890		9.677832	-0.778682	4.613370	0.130827	0.117978	-0.189393	0.999995	0.001635	0.001475	-0.002367	-0.235168	0.328807	0.914649	-0.847234	-0.530527	-0.027116	0.476330	-0.781298	0.403340
10891		9.846643	-0.204163	4.410735	0.055476	0.125898	-0.187847	0.999996	0.000693	0.001574	-0.002348	-0.231714	0.333725	0.913748	-0.848684	-0.528433	-0.022217	0.475441	-0.780632	0.405672
10892		9.664529	-0.184807	4.600899	-0.082495	0.093828	-0.160484	0.999997	-0.001031	0.001173	-0.002006	-0.228625	0.337415	0.913171	-0.851533	-0.523934	-0.019600	0.471828	-0.782077	0.407105
10893		9.782125	-0.784817	4.437219	-0.203062	0.122229	-0.137977	0.999994	-0.002538	0.001528	-0.001725	-0.226133	0.341315	0.912342	-0.855654	-0.517214	-0.018588	0.465532	-0.784852	0.409007
10894		9.632537	-0.805873	4.515653	-0.103175	0.096172	-0.084479	0.999998	-0.001290	0.001202	-0.001056	-0.224503	0.343984	0.911742	-0.858244	-0.512933	-0.017809	0.461536	-0.786495	0.410377
10895		9.691304	-0.113404	4.661729	-0.066975	0.074037	-0.089268	0.999999	-0.000837	0.000925	-0.001116	-0.222644	0.346070	0.911409	-0.860435	-0.509283	-0.016813	0.458346	-0.787951	0.411159
10896		9.729032	0.167284	4.787428	-0.106555	0.032817	-0.100679	0.999998	-0.001332	0.000410	-0.001258	-0.220099	0.347809	0.911365	-0.863068	-0.504842	-0.015770	0.454610	-0.790041	0.411298
10897		9.746058	0.272881	4.611936	-0.187339	0.017017	-0.119294	0.999996	-0.002342	0.000213	-0.001491	-0.216946	0.349812	0.911354	-0.866751	-0.498517	-0.014979	0.449085	-0.793166	0.411351
10898		9.919589	-0.078553	4.659361	-0.171999	0.086669	-0.194540	0.999994	-0.002150	0.001083	-0.002432	-0.212747	0.353588	0.910887	-0.870524	-0.491971	-0.012346	0.443765	-0.795575	0.412472
10899		9.987107	-0.502733	4.183786	-0.102754	0.039043	-0.210212	0.999996	-0.001284	0.000488	-0.002628	-0.207700	0.356791	0.910802	-0.873540	-0.486678	-0.008555	0.440215	-0.797398	0.412755
10900		10.030744	-0.240615	4.556100	-0.003472	0.017569	-0.209821	0.999997	-0.000043	0.000220	-0.002623	-0.202527	0.359439	0.910926	-0.875392	-0.483398	-0.003885	0.438943	-0.798204	0.412552
10901		9.924051	-0.631864	4.991034	-0.075657	0.077174	-0.299585	0.999992	-0.000946	0.000965	-0.003745	-0.196049	0.364452	0.910351	-0.878448	-0.477833	0.002118	0.435768	-0.799281	0.413831
10902		9.652009	-1.749605	4.644693	0.044796	0.048747	-0.220267	0.999996	0.000560	0.000609	-0.002753	-0.191015	0.368146	0.909935	-0.879843	-0.475204	0.007562	0.435189	-0.799155	0.414682
10903		9.801283	-1.446362	4.270783	0.177542	-0.038875	-0.045800	0.999997	0.002219	-0.000486	-0.000573	-0.188748	0.367583	0.910635	-0.878852	-0.476981	0.010376	0.438170	-0.798355	0.413081
10904		9.516593	-0.607033	4.691848	0.112903	-0.053556	0.052401	0.999999	0.001411	-0.000669	0.000655	-0.188595	0.365713	0.911420	-0.878162	-0.478255	0.010190	0.439618	-0.798452	0.411352
10905		9.430821	-0.391107	5.338576	-0.122759	0.006179	0.061103	0.999999	-0.001534	0.000077	0.000764	-0.189173	0.364856	0.911643	-0.879979	-0.474953	0.007482	0.435717	-0.800812	0.410914
10906		9.549225	-1.003179	4.479493	-0.045141	-0.002850	0.081397	0.999999	-0.000564	-0.000036	0.001017	-0.190394	0.363608	0.911888	-0.880774	-0.473511	0.004911	0.433575	-0.802232	0.410411
10907		9.438346	-0.513069	4.384073	0.157475	0.004959	0.082711	0.999998	0.001968	0.000062	0.001034	-0.191829	0.362585	0.911994	-0.879359	-0.476140	0.004336	0.435809	-0.801139	0.410180
10908		9.453688	-0.291619	5.258034	0.226235	0.064992	0.076523	0.999995	0.002828	0.000812	0.000957	-0.193674	0.362765	0.911533	-0.877211	-0.480083	0.004678	0.439308	-0.798700	0.411201
10909		9.820571	-0.232684	5.029799	0.216929	0.035565	0.166009	0.999994	0.002712	0.000445	0.002075	-0.196833	0.361250	0.911458	-0.874702	-0.484650	0.003192	0.442891	-0.796626	0.411382
10910		9.832301	-0.118712	4.739344	0.223345	0.024504	0.255434	0.999991	0.002792	0.000306	0.003193	-0.202200	0.358439	0.911393	-0.871574	-0.490264	-0.000551	0.446626	-0.794458	0.411537
10911		9.634096	1.559622	4.131893	0.100760	-0.008229	0.302859	0.999992	0.001259	-0.000103	0.003786	-0.208452	0.354311	0.911598	-0.869443	-0.493986	-0.006815	0.447902	-0.794004	0.411026
10912		9.716714	1.950626	4.191758	-0.246470	-0.015630	0.262116	0.999990	-0.003081	-0.000195	0.003276	-0.213545	0.350459	0.911908	-0.871299	-0.490507	-0.015526	0.441856	-0.797860	0.410100
10913		9.907975	0.679095	4.964132	-0.268147	-0.031313	0.168053	0.999992	-0.003352	-0.000391	0.002101	-0.216268	0.347665	0.912336	-0.873856	-0.485684	-0.022066	0.435435	-0.802023	0.408847
10914		9.897546	0.436387	4.777522	0.005805	-0.010710	0.086427	0.999999	0.000073	-0.000134	0.001080	-0.217406	0.346425	0.912538	-0.873850	-0.485611	-0.023838	0.434880	-0.802603	0.408298
10915		10.028749	0.845072	4.574819	-0.042104	-0.001167	0.050535	1.000000	-0.000526	-0.000015	0.000632	-0.217650	0.345697	0.912755	-0.874549	-0.484286	-0.025121	0.433350	-0.803717	0.407734
10916		9.581195	0.252563	4.154153	-0.184121	-0.031443	0.051972	0.999997	-0.002302	-0.000393	0.000650	-0.218130	0.344426	0.913121	-0.876636	-0.480325	-0.028237	0.428870	-0.806634	0.406710
10917		9.605020	-0.384861	3.820547	-0.311171	-0.017429	0.067045	0.999992	-0.003890	-0.000218	0.000838	-0.218842	0.343261	0.913389	-0.879992	-0.473857	-0.032759	0.421571	-0.810945	0.405767
10918		9.703178	-0.927440	3.954088	-0.263715	-0.034006	0.116507	0.999993	-0.003296	-0.000425	0.001456	-0.220386	0.340992	0.913868	-0.882504	-0.468774	-0.037909	0.415471	-0.814847	0.404238
10919		9.685386	-1.198480	4.276193	-0.059364	-0.064074	0.130991	0.999998	-0.000742	-0.000801	0.001637	-0.222322	0.338268	0.914411	-0.882805	-0.467899	-0.041548	0.413797	-0.816483	0.402649
10920		9.702005	0.111611	4.740772	-0.045410	-0.043796	0.130603	0.999998	-0.000568	-0.000547	0.001633	-0.224157	0.335675	0.914918	-0.882957	-0.467304	-0.044877	0.412481	-0.817893	0.401136
10921		9.785984	0.245206	4.073371	-0.253146	0.003444	0.073123	0.999995	-0.003164	0.000043	0.000914	-0.225253	0.334665	0.915019	-0.885493	-0.462064	-0.048986	0.406404	-0.821277	0.400425
10922		9.656829	-0.325178	3.863861	-0.276976	0.000768	0.010276	0.999994	-0.003462	0.000010	0.000128	-0.224942	0.334438	0.915179	-0.888581	-0.455780	-0.051847	0.399780	-0.824873	0.399700
10923		9.652194	-0.981825	4.138286	-0.166809	-0.005513	0.007839	0.999998	-0.002085	-0.000069	0.000098	-0.224553	0.333944	0.915455	-0.890502	-0.451809	-0.053620	0.395705	-0.827255	0.398833
10924		9.829350	-0.783891	4.302399	-0.142080	-0.002642	0.063173	0.999998	-0.001776	-0.000033	0.000790	-0.225607	0.333163	0.915480	-0.891877	-0.448738	-0.056485	0.391991	-0.829239	0.398379
10925		9.544622	-0.834346	4.185086	-0.210993	-0.000572	0.094749	0.999996	-0.002637	-0.000007	0.001184	-0.227131	0.331982	0.915532	-0.893751	-0.444455	-0.060563	0.386807	-0.832014	0.397660
10926		9.638568	-0.836263	4.129871	-0.153812	0.016182	0.099112	0.999997	-0.001923	0.000202	0.001239	-0.228822	0.331171	0.915405	-0.895045	-0.441350	-0.064064	0.382798	-0.833988	0.397404
10927		9.756210	-0.632337	4.079176	-0.103735	0.003656	0.108402	0.999998	-0.001297	0.000046	0.001355	-0.230608	0.329761	0.915466	-0.895746	-0.439435	-0.067351	0.380078	-0.835556	0.396720
10928		9.643167	-0.582869	4.457934	-0.032132	-0.011266	0.097349	0.999999	-0.000402	-0.000141	0.001217	-0.232206	0.328368	0.915563	-0.895808	-0.438930	-0.069772	0.378957	-0.836370	0.396077
10929		9.649134	-0.142822	4.476083	-0.030119	-0.007763	0.078109	0.999999	-0.000376	-0.000097	0.000976	-0.233379	0.327223	0.915674	-0.895946	-0.438336	-0.071708	0.377908	-0.837130	0.395473
10930		9.777726	-0.501514	4.132926	-0.136029	0.020610	0.094370	0.999998	-0.001700	0.000258	0.001180	-0.235339	0.326398	0.915467	-0.896914	-0.435763	-0.075204	0.374380	-0.838794	0.395303
10931		9.607544	-0.918725	4.234155	-0.177044	0.006552	0.122838	0.999996	-0.002213	0.000082	0.001535	-0.237734	0.324823	0.915409	-0.898052	-0.432604	-0.079722	0.370114	-0.841037	0.394552
10932		9.654404	-1.037825	4.335116	-0.130447	-0.016350	0.129144	0.999997	-0.001631	-0.000204	0.001614	-0.239961	0.322943	0.915493	-0.898757	-0.430371	-0.083760	0.366952	-0.842905	0.393520
10933		9.529665	-1.187344	4.018559	-0.003464	-0.035923	0.097655	0.999999	-0.000043	-0.000449	0.001221	-0.241242	0.321091	0.915807	-0.898502	-0.430514	-0.085741	0.366737	-0.843539	0.392359
10934		9.510482	-0.640417	4.197676	0.122925	-0.033344	0.068311	0.999998	0.001537	-0.000417	0.000854	-0.242102	0.319344	0.916191	-0.897174	-0.433208	-0.086079	0.369412	-0.842823	0.391388
10935		9.709012	-0.606179	4.255311	0.010543	-0.012817	0.046653	1.000000	0.000132	-0.000160	0.000583	-0.242562	0.318253	0.916449	-0.897017	-0.433365	-0.086926	0.369492	-0.843155	0.390596
10936		9.679519	-1.261052	3.981884	-0.014231	-0.018831	0.041006	1.000000	-0.000178	-0.000235	0.000513	-0.242992	0.317206	0.916698	-0.897104	-0.432971	-0.087977	0.368997	-0.843751	0.389775
10937		9.647817	-1.504760	3.917290	0.104121	-0.053206	0.048753	0.999999	0.001302	-0.000665	0.000609	-0.243287	0.315405	0.917241	-0.896058	-0.435118	-0.088048	0.371337	-0.843322	0.388480
10938		9.566441	-0.989249	4.493540	0.187687	-0.047889	0.059197	0.999997	0.002346	-0.000599	0.000740	-0.243834	0.313414	0.917778	-0.894142	-0.439132	-0.087594	0.375573	-0.841983	0.387312
10939		9.856583	-0.595441	4.398136	0.126374	-0.009929	0.053521	0.999999	0.001580	-0.000124	0.000669	-0.244598	0.312190	0.917992	-0.892797	-0.441856	-0.087619	0.378266	-0.841012	0.386799
10940		9.630316	-0.719157	4.080877	0.072814	-0.012811	0.048922	0.999999	0.000910	-0.000160	0.000612	-0.244954	0.311115	0.918262	-0.892032	-0.443375	-0.087738	0.379837	-0.840611	0.386131
10941		9.540989	-0.883245	3.946196	0.062672	-0.014552	0.031950	1.000000	0.000783	-0.000182	0.000399	-0.245089	0.310202	0.918535	-0.891438	-0.444571	-0.087721	0.381143	-0.840316	0.385485
10942		9.699484	-0.959480	4.204979	0.074926	-0.016436	0.034386	0.999999	0.000937	-0.000205	0.000430	-0.245267	0.309261	0.918804	-0.890712	-0.446040	-0.087635	0.382722	-0.839884	0.384862
10943		9.620439	-0.928292	4.333013	0.090808	-0.015262	0.038087	0.999999	0.001135	-0.000191	0.000476	-0.245581	0.308014	0.919140	-0.889761	-0.447937	-0.087623	0.384727	-0.839333	0.384063
10944		9.750773	-0.590367	4.250154	0.057930	0.005710	0.028630	1.000000	0.000724	0.000071	0.000358	-0.245977	0.308032	0.919028	-0.889251	-0.448967	-0.087527	0.385652	-0.838776	0.384353
10945		9.648526	-0.749415	4.161647	0.010448	0.006075	0.005565	1.000000	0.000131	0.000076	0.000070	-0.245769	0.307870	0.919137	-0.889289	-0.448911	-0.087423	0.385697	-0.838865	0.384114
10946		9.523241	-0.973133	4.070606	0.038182	0.008662	-0.001279	1.000000	0.000477	0.000108	-0.000016	-0.245372	0.307927	0.919225	-0.889111	-0.449386	-0.086796	0.386360	-0.838590	0.384048
10947		9.643720	-0.799863	4.172651	0.074470	0.003624	0.009445	1.000000	0.000931	0.000045	0.000118	-0.245171	0.307608	0.919385	-0.888497	-0.450727	-0.086130	0.387897	-0.837987	0.383814
10948		9.773112	-0.649302	4.180548	0.028807	0.025451	0.023593	1.000000	0.000360	0.000318	0.000295	-0.245753	0.307465	0.919277	-0.888192	-0.451254	-0.086515	0.388228	-0.837756	0.383985
10949		9.647734	-0.639747	4.288743	-0.036729	0.015127	0.032990	1.000000	-0.000459	0.000189	0.000412	-0.246277	0.306998	0.919293	-0.888469	-0.450503	-0.087573	0.387260	-0.838331	0.383707
10950		9.610343	-0.662524	4.170498	-0.038076	0.005524	0.031587	1.000000	-0.000476	0.000069	0.000395	-0.246465	0.306451	0.919425	-0.888783	-0.449732	-0.088352	0.386420	-0.838945	0.383212
10951		9.720200	-0.549773	4.111236	-0.037286	0.005842	0.023084	1.000000	-0.000466	0.000073	0.000289	-0.246726	0.306024	0.919498	-0.889117	-0.448909	-0.089170	0.385483	-0.839542	0.382848
10952		9.687979	-0.757088	4.067223	-0.060394	0.011397	0.015920	1.000000	-0.000755	0.000142	0.000199	-0.246867	0.305746	0.919552	-0.889711	-0.447557	-0.090045	0.384021	-0.840364	0.382513
10953		9.668321	-0.820590	4.155039	-0.062950	0.034021	0.016017	1.000000	-0.000787	0.000425	0.000200	-0.247172	0.306040	0.919372	-0.890332	-0.446156	-0.090849	0.382380	-0.841002	0.382754
10954		9.682129	-0.843702	4.136060	-0.078436	0.025413	0.015740	0.999999	-0.000980	0.000318	0.000197	-0.247589	0.306257	0.919188	-0.891094	-0.444406	-0.091953	0.380331	-0.841849	0.382934
10955		9.541266	-0.927061	4.119372	-0.072792	0.012967	0.017140	1.000000	-0.000910	0.000162	0.000214	-0.247808	0.306131	0.919171	-0.891783	-0.442814	-0.092944	0.378568	-0.842733	0.382735
10956		9.607077	-0.942413	4.060239	-0.086294	0.033927	0.024162	0.999999	-0.001079	0.000424	0.000302	-0.248219	0.306333	0.918992	-0.892552	-0.441024	-0.094068	0.376481	-0.843598	0.382889
10957		9.708997	-0.921787	4.068498	-0.090967	0.032293	0.035032	0.999999	-0.001137	0.000404	0.000438	-0.248896	0.306219	0.918848	-0.893273	-0.439234	-0.095587	0.374318	-0.844573	0.382861
10958		9.620361	-0.890331	4.121073	-0.092139	0.022632	0.040088	0.999999	-0.001152	0.000283	0.000501	-0.249536	0.306121	0.918707	-0.893989	-0.437451	-0.097060	0.372177	-0.845534	0.382828
10959		9.697515	-0.854634	4.111640	-0.098106	0.020486	0.039518	0.999999	-0.001226	0.000256	0.000494	-0.250247	0.305814	0.918615	-0.894747	-0.435516	-0.098758	0.369870	-0.846642	0.382613
10960		9.639619	-1.006490	4.050633	-0.092426	0.020853	0.032539	0.999999	-0.001155	0.000261	0.000407	-0.250866	0.305739	0.918472	-0.895491	-0.433646	-0.100238	0.367645	-0.847629	0.382573
10961		9.585839	-1.039129	4.017615	-0.048244	0.034673	0.027789	1.000000	-0.000603	0.000433	0.000347	-0.251416	0.306040	0.918221	-0.895852	-0.432705	-0.101072	0.366386	-0.848001	0.382955
10962		9.619678	-0.948088	4.135952	-0.031130	0.020335	0.029972	1.000000	-0.000389	0.000254	0.000375	-0.251938	0.305878	0.918132	-0.896037	-0.432125	-0.101911	0.365575	-0.848355	0.382947
10963		9.675675	-0.982265	4.091562	0.001567	0.010183	0.035712	1.000000	0.000020	0.000127	0.000446	-0.252423	0.305465	0.918136	-0.895883	-0.432311	-0.102475	0.365618	-0.848410	0.382785
10964		9.623912	-0.948873	4.147947	0.002833	0.012471	0.031761	1.000000	0.000035	0.000156	0.000397	-0.252936	0.305119	0.918110	-0.895740	-0.432471	-0.103049	0.365613	-0.848452	0.382695
10965		9.648043	-0.950921	4.131494	-0.009936	0.008446	0.022535	1.000000	-0.000124	0.000106	0.000282	-0.253111	0.304882	0.918140	-0.895772	-0.432324	-0.103385	0.365414	-0.848612	0.382531
10966		9.589506	-1.001489	4.116971	0.011778	-0.004296	0.021277	1.000000	0.000147	-0.000054	0.000266	-0.253273	0.304095	0.918357	-0.895613	-0.432562	-0.103766	0.365692	-0.848773	0.381908
10967		9.661638	-1.006314	4.207451	0.014116	0.008718	0.023988	1.000000	0.000176	0.000109	0.000300	-0.253581	0.303840	0.918356	-0.895409	-0.432926	-0.104011	0.365978	-0.848679	0.381843
10968		9.651957	-0.848285	4.186872	0.011274	0.020847	0.027120	1.000000	0.000141	0.000261	0.000339	-0.254030	0.303595	0.918313	-0.895196	-0.433273	-0.104395	0.366187	-0.848590	0.381841
10969		9.639130	-0.799802	4.118974	0.007434	0.008833	0.029336	1.000000	0.000093	0.000110	0.000367	-0.254402	0.303179	0.918348	-0.895006	-0.433568	-0.104800	0.366393	-0.848588	0.381647
10970		9.625359	-0.860340	4.130580	-0.012503	0.008376	0.016639	1.000000	-0.000156	0.000105	0.000208	-0.254528	0.302884	0.918410	-0.895078	-0.433335	-0.105151	0.366131	-0.848812	0.381400
10971		9.632047	-0.995564	4.032407	0.006105	-0.003926	0.020363	1.000000	0.000076	-0.000049	0.000255	-0.254666	0.302418	0.918525	-0.894953	-0.433534	-0.105392	0.366339	-0.848877	0.381056
10972		9.645197	-0.895053	4.202524	0.016287	-0.005927	0.029494	1.000000	0.000204	-0.000074	0.000369	-0.254870	0.301669	0.918715	-0.894670	-0.434050	-0.105675	0.366889	-0.848879	0.380521
10973		9.598365	-0.867683	4.204600	-0.035235	0.012934	0.026723	1.000000	-0.000440	0.000162	0.000334	-0.255236	0.301374	0.918710	-0.894871	-0.433452	-0.106423	0.366144	-0.849290	0.380323
10974		9.650009	-1.141768	3.959242	-0.053099	0.027673	0.025109	1.000000	-0.000664	0.000346	0.000314	-0.255710	0.301324	0.918594	-0.895246	-0.432445	-0.107357	0.364892	-0.849821	0.380340
10975		9.579653	-1.138822	3.961527	-0.016664	0.023547	0.031238	1.000000	-0.000208	0.000294	0.000390	-0.256305	0.301350	0.918420	-0.895247	-0.432284	-0.107998	0.364474	-0.849893	0.380579
10976		9.594889	-1.085132	4.088581	0.000390	0.020833	0.032493	1.000000	0.000005	0.000260	0.000406	-0.256842	0.301217	0.918314	-0.895075	-0.432521	-0.108470	0.364517	-0.849820	0.380701
10977		9.664799	-0.989050	4.123815	0.019389	0.023978	0.021187	1.000000	0.000242	0.000300	0.000265	-0.257138	0.301096	0.918271	-0.894819	-0.433023	-0.108586	0.364937	-0.849607	0.380773
10978		9.645326	-0.951555	4.075920	0.024578	0.020625	0.017534	1.000000	0.000307	0.000258	0.000219	-0.257322	0.300963	0.918263	-0.894531	-0.433626	-0.108550	0.365514	-0.849346	0.380803
10979		9.563773	-0.951281	4.122865	-0.001330	0.009348	0.017933	1.000000	-0.000017	0.000117	0.000224	-0.257528	0.300747	0.918276	-0.894476	-0.433672	-0.108820	0.365503	-0.849400	0.380694
10980		9.597861	-1.020980	4.123080	-0.004411	0.010905	0.022921	1.000000	-0.000055	0.000136	0.000287	-0.257744	0.300394	0.918331	-0.894402	-0.433741	-0.109148	0.365530	-0.849489	0.380468
10981		9.678972	-1.008230	4.115775	0.022016	-0.000446	0.024765	1.000000	0.000275	-0.000006	0.000310	-0.257985	0.299874	0.918433	-0.894079	-0.434364	-0.109321	0.366151	-0.849355	0.380170
10982		9.590575	-1.015530	4.063544	0.019950	-0.006081	0.020187	1.000000	0.000249	-0.000076	0.000252	-0.257991	0.299101	0.918684	-0.893815	-0.434882	-0.109420	0.366791	-0.849362	0.379536
10983		9.635472	-0.944817	4.075511	-0.001307	-0.013174	0.029481	1.000000	-0.000016	-0.000165	0.000369	-0.258287	0.298339	0.918848	-0.893670	-0.435045	-0.109956	0.366936	-0.849547	0.378983
10984		9.604289	-0.964985	4.149063	-0.025452	-0.004274	0.037084	1.000000	-0.000318	-0.000053	0.000464	-0.258757	0.297522	0.918981	-0.893703	-0.434738	-0.110893	0.366523	-0.849990	0.378388
10985		9.613406	-0.930627	4.074925	-0.022720	-0.003515	0.026561	1.000000	-0.000284	-0.000044	0.000332	-0.258884	0.296831	0.919168	-0.893761	-0.434486	-0.111417	0.366294	-0.850360	0.377778
10986		9.624121	-0.948794	3.991009	-0.017807	-0.022219	0.015646	1.000000	-0.000223	-0.000278	0.000196	-0.258648	0.295798	0.919568	-0.893856	-0.434205	-0.111745	0.366227	-0.850864	0.376707
10987		9.608517	-1.047125	3.953011	0.004028	0.001180	0.008462	1.000000	0.000050	0.000015	0.000106	-0.258536	0.295406	0.919725	-0.893799	-0.434322	-0.111748	0.366446	-0.850940	0.376322
10988		9.652088	-1.031335	4.065211	0.010838	0.006781	0.011267	1.000000	0.000135	0.000085	0.000141	-0.258482	0.295108	0.919836	-0.893643	-0.434663	-0.111670	0.366864	-0.850869	0.376074
10989		9.574696	-1.000330	4.054549	0.009741	-0.000390	0.020118	1.000000	0.000122	-0.000005	0.000251	-0.258622	0.294565	0.919971	-0.893459	-0.434984	-0.111892	0.367213	-0.850894	0.375678
10990		9.626304	-1.014504	4.004934	-0.000176	-0.013445	0.017402	1.000000	-0.000002	-0.000168	0.000218	-0.258620	0.293761	0.920228	-0.893393	-0.435039	-0.112203	0.367374	-0.851144	0.374954
10991		9.635300	-1.101734	3.964913	-0.000670	0.000148	0.010258	1.000000	-0.000008	0.000002	0.000128	-0.258572	0.293338	0.920377	-0.893360	-0.435079	-0.112316	0.367490	-0.851269	0.374555
10992		9.576736	-1.102859	3.987408	0.021215	0.006902	0.008820	1.000000	0.000265	0.000086	0.000110	-0.258508	0.293057	0.920484	-0.893139	-0.435574	-0.112154	0.368071	-0.851113	0.374340
10993		9.584191	-1.004743	4.029441	0.025452	0.007048	0.005657	1.000000	0.000318	0.000088	0.000071	-0.258407	0.292801	0.920594	-0.892893	-0.436138	-0.111915	0.368737	-0.850912	0.374141
10994		9.588885	-0.978660	3.985808	0.001919	0.015894	-0.000250	1.000000	0.000024	0.000199	-0.000003	-0.258229	0.292706	0.920674	-0.892922	-0.436110	-0.111794	0.368793	-0.850959	0.373980
10995		9.597686	-1.008900	4.027571	0.001832	0.018091	-0.003493	1.000000	0.000023	0.000226	-0.000044	-0.257993	0.292783	0.920716	-0.892950	-0.436122	-0.111528	0.368891	-0.850926	0.373957
10996		9.592119	-1.097089	3.995128	-0.005509	0.018032	-0.007660	1.000000	-0.000069	0.000225	-0.000096	-0.257732	0.292943	0.920738	-0.893077	-0.435921	-0.111296	0.368765	-0.850975	0.373971
10997		9.626750	-1.119067	3.974189	-0.006209	0.022473	0.002621	1.000000	-0.000078	0.000281	0.000033	-0.257615	0.292974	0.920761	-0.893144	-0.435802	-0.111222	0.368685	-0.851025	0.373937
10998		9.614846	-1.060721	3.994577	0.005538	0.045673	-0.003013	1.000000	0.000069	0.000571	-0.000038	-0.257654	0.293615	0.920546	-0.893139	-0.435880	-0.110956	0.368669	-0.850764	0.374545
10999		9.589911	-0.961375	4.055172	0.000945	0.039327	-0.008682	1.000000	0.000012	0.000492	-0.000109	-0.257619	0.294326	0.920328	-0.893205	-0.435824	-0.110648	0.368534	-0.850547	0.375170
11000		9.605514	-0.958006	4.033408	0.003474	0.027233	-0.010902	1.000000	0.000043	0.000340	-0.000136	-0.257271	0.294636	0.920327	-0.893261	-0.435827	-0.110178	0.368641	-0.850438	0.375313
11001		9.671192	-1.056032	3.994841	0.003625	0.034168	-0.013414	1.000000	0.000045	0.000427	-0.000168	-0.257000	0.295158	0.920235	-0.893340	-0.435783	-0.109715	0.368640	-0.850279	0.375672
11002		9.559997	-1.083627	3.930326	0.019069	0.029296	-0.013677	1.000000	0.000238	0.000366	-0.000171	-0.256660	0.295516	0.920215	-0.893284	-0.436046	-0.109118	0.369010	-0.850020	0.375895
11003		9.591965	-1.009704	4.020369	0.031087	0.015495	-0.017829	1.000000	0.000389	0.000194	-0.000223	-0.256135	0.295684	0.920308	-0.893136	-0.436550	-0.108314	0.369734	-0.849703	0.375902
11004		9.635380	-0.956471	4.057938	0.032437	0.018789	-0.018527	1.000000	0.000405	0.000235	-0.000232	-0.255611	0.295971	0.920361	-0.892955	-0.437139	-0.107423	0.370532	-0.849300	0.376026
11005		9.624382	-0.954154	4.028995	0.024165	0.024955	-0.023803	1.000000	0.000302	0.000312	-0.000298	-0.254993	0.296412	0.920390	-0.892894	-0.437495	-0.106481	0.371104	-0.848963	0.376223
11006		9.604483	-0.969254	3.994400	0.007446	0.023824	-0.021216	1.000000	0.000093	0.000298	-0.000265	-0.254364	0.296719	0.920466	-0.892968	-0.437527	-0.105725	0.371358	-0.848839	0.376251
11007		9.557836	-1.014836	4.011335	0.002655	0.017388	-0.012050	1.000000	0.000033	0.000217	-0.000151	-0.254001	0.296956	0.920490	-0.893014	-0.437545	-0.105264	0.371497	-0.848747	0.376322
11008		9.636016	-0.989994	3.998709	0.014598	0.012094	-0.005448	1.000000	0.000182	0.000151	-0.000068	-0.253562	0.296695	0.920694	-0.892933	-0.437813	-0.104831	0.371989	-0.848700	0.375942
11009		9.581180	-0.941377	4.048453	-0.009140	0.030048	-0.008850	1.000000	-0.000114	0.000376	-0.000111	-0.253130	0.296918	0.920741	-0.893045	-0.437697	-0.104368	0.372017	-0.848682	0.375956
11010		9.622371	-0.947940	4.011437	-0.011793	0.022397	-0.007420	1.000000	-0.000147	0.000280	-0.000093	-0.252965	0.297260	0.920677	-0.893194	-0.437437	-0.104178	0.371770	-0.848696	0.376167
11011		9.626556	-0.971107	3.977092	-0.004003	0.014840	-0.005127	1.000000	-0.000050	0.000186	-0.000064	-0.252694	0.297276	0.920746	-0.893276	-0.437322	-0.103959	0.371758	-0.848750	0.376058
11012		9.603235	-0.955723	3.972308	-0.008549	0.008415	-0.007596	1.000000	-0.000107	0.000105	-0.000095	-0.252313	0.297184	0.920880	-0.893416	-0.437090	-0.103731	0.371680	-0.848901	0.375793
11013		9.625949	-0.986461	3.995924	-0.008581	0.017001	-0.007530	1.000000	-0.000107	0.000213	-0.000094	-0.252010	0.297282	0.920931	-0.893534	-0.436909	-0.103476	0.371601	-0.848961	0.375737
11014		9.608413	-1.020533	4.056217	0.003721	0.016431	-0.004386	1.000000	0.000047	0.000205	-0.000055	-0.251765	0.297281	0.920999	-0.893545	-0.436946	-0.103222	0.371741	-0.848942	0.375641
11015		9.597797	-0.927571	4.010570	-0.000297	0.028482	0.002783	1.000000	-0.000004	0.000356	0.000035	-0.251804	0.297485	0.920922	-0.893535	-0.436984	-0.103157	0.371740	-0.848851	0.375847
11016		9.646993	-0.922768	4.024465	0.004657	0.023588	-0.001557	1.000000	0.000058	0.000295	-0.000019	-0.251665	0.297625	0.920915	-0.893497	-0.437120	-0.102902	0.371924	-0.848732	0.375935
11017		9.587455	-0.898540	4.016694	-0.006969	0.024478	-0.005875	1.000000	-0.000087	0.000306	-0.000073	-0.251530	0.297958	0.920844	-0.893579	-0.437005	-0.102680	0.371819	-0.848674	0.376169
11018		9.598302	-0.917843	3.995198	-0.002418	0.026104	-0.005043	1.000000	-0.000030	0.000326	-0.000063	-0.251368	0.298146	0.920827	-0.893657	-0.436890	-0.102494	0.371742	-0.848667	0.376260
11019		9.642185	-0.944085	4.040230	-0.003525	0.026481	-0.003610	1.000000	-0.000044	0.000331	-0.000045	-0.251286	0.298505	0.920733	-0.893693	-0.436867	-0.102273	0.371709	-0.848553	0.376551
11020		9.566558	-0.910261	3.997269	-0.004440	0.027355	-0.004729	1.000000	-0.000056	0.000342	-0.000059	-0.251126	0.298768	0.920692	-0.893749	-0.436810	-0.102031	0.371684	-0.848490	0.376718
11021		9.602272	-0.922287	4.016803	0.010562	0.015685	-0.004751	1.000000	0.000132	0.000196	-0.000059	-0.250824	0.298776	0.920772	-0.893659	-0.437092	-0.101609	0.372103	-0.848342	0.376637
11022		9.676826	-0.962699	3.994083	-0.000969	0.013247	-0.002628	1.000000	-0.000012	0.000166	-0.000033	-0.250554	0.298712	0.920866	-0.893664	-0.437141	-0.101353	0.372273	-0.848339	0.376475
11023		9.586758	-0.971263	3.989981	-0.006633	0.026471	-0.000262	1.000000	-0.000083	0.000331	-0.000003	-0.250526	0.298872	0.920822	-0.893742	-0.436988	-0.101325	0.372104	-0.848362	0.376591
11024		9.594264	-0.927448	4.050809	0.007715	0.014993	0.002520	1.000000	0.000096	0.000187	0.000031	-0.250370	0.298642	0.920939	-0.893678	-0.437147	-0.101201	0.372363	-0.848360	0.376338
11025		9.617652	-0.875596	4.004350	0.004760	0.014963	0.001667	1.000000	0.000059	0.000187	0.000021	-0.250277	0.298607	0.920975	-0.893609	-0.437324	-0.101047	0.372591	-0.848281	0.376290
11026		9.611773	-0.883825	4.005095	0.000666	0.015869	0.000618	1.000000	0.000008	0.000198	0.000008	-0.250203	0.298596	0.920999	-0.893598	-0.437367	-0.100961	0.372668	-0.848263	0.376256
11027		9.636043	-0.947895	3.987518	-0.002950	0.010149	0.000877	1.000000	-0.000037	0.000127	0.000011	-0.250082	0.298451	0.921079	-0.893623	-0.437323	-0.100924	0.372688	-0.848337	0.376069
11028		9.641599	-0.914260	3.984249	-0.003917	0.023965	-0.003351	1.000000	-0.000049	0.000300	-0.000042	-0.249979	0.298753	0.921009	-0.893650	-0.437321	-0.100697	0.372692	-0.848232	0.376301
11029		9.607874	-0.931182	4.049360	-0.004341	0.020873	-0.001514	1.000000	-0.000054	0.000261	-0.000019	-0.249911	0.298872	0.920989	-0.893696	-0.437246	-0.100614	0.372627	-0.848229	0.376373
11030		9.590578	-0.995735	4.000628	0.005187	0.020774	-0.001731	1.000000	0.000065	0.000260	-0.000022	-0.249759	0.298880	0.921027	-0.893662	-0.437362	-0.100411	0.372811	-0.848166	0.376332
11031		9.642401	-0.898967	3.981502	-0.002258	0.017430	0.001420	1.000000	-0.000028	0.000218	0.000018	-0.249694	0.298969	0.921016	-0.893631	-0.437459	-0.100266	0.372931	-0.848084	0.376399
11032		9.606539	-0.862565	4.029346	-0.006163	0.019398	-0.003797	1.000000	-0.000077	0.000242	-0.000047	-0.249487	0.299055	0.921044	-0.893684	-0.437399	-0.100056	0.372942	-0.848085	0.376386
11033		9.612960	-0.947471	3.972309	0.005854	0.019511	-0.004525	1.000000	0.000073	0.000244	-0.000057	-0.249254	0.299046	0.921110	-0.893653	-0.437526	-0.099777	0.373172	-0.848022	0.376299
11034		9.608807	-0.933366	4.008102	0.004303	0.017865	-0.001260	1.000000	0.000054	0.000223	-0.000016	-0.249169	0.299025	0.921140	-0.893624	-0.437609	-0.099667	0.373297	-0.847987	0.376254
11035		9.594842	-0.908674	3.994542	0.001610	0.011782	0.001739	1.000000	0.000020	0.000147	0.000022	-0.248985	0.298797	0.921264	-0.893577	-0.437738	-0.099529	0.373533	-0.848001	0.375988
11036		9.643377	-0.906505	3.982508	-0.005183	0.018991	0.002216	1.000000	-0.000065	0.000237	0.000028	-0.248915	0.298858	0.921263	-0.893568	-0.437781	-0.099416	0.373600	-0.847958	0.376020
11037		9.600415	-0.937995	3.972728	0.004786	0.021989	0.000190	1.000000	0.000060	0.000275	0.000002	-0.248910	0.299041	0.921205	-0.893498	-0.437961	-0.099253	0.373772	-0.847800	0.376205
11038		9.598912	-0.899995	3.998460	-0.005626	0.018611	0.002459	1.000000	-0.000070	0.000233	0.000031	-0.248928	0.299137	0.921169	-0.893504	-0.437953	-0.099233	0.373745	-0.847770	0.376299
11039		9.586814	-0.949286	3.991097	0.004827	0.014926	0.004974	1.000000	0.000060	0.000187	0.000062	-0.248850	0.298933	0.921256	-0.893411	-0.438162	-0.099152	0.374020	-0.847734	0.376106
11040		9.610524	-0.897844	3.944789	0.016407	0.014092	0.006117	1.000000	0.000205	0.000176	0.000076	-0.248950	0.298975	0.921215	-0.893185	-0.438655	-0.099012	0.374493	-0.847464	0.376243
11041		9.636492	-0.846934	3.990058	0.002787	0.010799	0.005196	1.000000	0.000035	0.000135	0.000065	-0.248879	0.298702	0.921323	-0.893107	-0.438818	-0.098988	0.374725	-0.847476	0.375986
11042		9.599282	-0.907004	3.985102	0.002565	0.020593	0.003021	1.000000	0.000032	0.000257	0.000038	-0.248895	0.298797	0.921288	-0.893045	-0.438965	-0.098897	0.374864	-0.847367	0.376095
11043		9.614903	-0.884407	4.030187	0.013866	0.010757	0.000108	1.000000	0.000173	0.000134	0.000001	-0.248741	0.298704	0.921360	-0.892880	-0.439365	-0.098610	0.375358	-0.847192	0.375995
11044		9.615061	-0.860809	3.999187	-0.003797	0.014211	0.003061	1.000000	-0.000047	0.000178	0.000038	-0.248618	0.298425	0.921483	-0.892893	-0.439335	-0.098625	0.375408	-0.847306	0.375688
11045		9.646296	-0.923818	3.993106	-0.030073	0.014745	0.007305	1.000000	-0.000376	0.000184	0.000091	-0.248659	0.298249	0.921529	-0.893113	-0.438809	-0.098973	0.374857	-0.847640	0.375484
11046		9.562708	-1.001791	3.995685	-0.036402	0.019685	0.005899	1.000000	-0.000455	0.000246	0.000074	-0.248756	0.298296	0.921488	-0.893385	-0.438175	-0.099327	0.374144	-0.847952	0.375491
11047		9.602439	-1.026482	3.937895	0.004137	0.010360	0.002864	1.000000	0.000052	0.000129	0.000036	-0.248664	0.298184	0.921549	-0.893280	-0.438422	-0.099177	0.374455	-0.847863	0.375382
11048		9.611153	-0.948328	3.935409	0.005554	0.026570	0.002400	1.000000	0.000069	0.000332	0.000030	-0.248639	0.298252	0.921534	-0.893178	-0.438667	-0.099015	0.374714	-0.847713	0.375462
11049		9.599502	-0.931832	4.000008	0.003994	0.016779	0.010402	1.000000	0.000050	0.000210	0.000130	-0.248729	0.298147	0.921543	-0.893025	-0.438980	-0.099008	0.375020	-0.847588	0.375440
11050		9.605998	-0.958222	4.057315	0.005803	0.013444	0.011014	1.000000	0.000073	0.000168	0.000138	-0.248764	0.297883	0.921619	-0.892856	-0.439325	-0.099002	0.375399	-0.847502	0.375255
